
======================================================================
proc count : 4 BINARY : /users/btech/akashish/UGP/allocator/miniMD -s 8 -n 500
======================================================================
======================================================================
csews1 csews4 csews5 csews6 csews8 csews9 csews10 csews12 csews13 csews15 csews16 csews17 csews19 csews20 csews21 csews23 csews24 csews25 csews27 csews28 csews29 csews32 csews50 csews51 csews52 csews54 
Number of hosts: 26
27csews1 27csews4 27csews5 27csews6 27csews8 27csews9 27csews10 26csews12 27csews13 27csews15 27csews16 27csews17 27csews19 27csews20 27csews21 27csews23 27csews24 27csews25 27csews27 27csews28 27csews29 27csews32 27csews50 27csews51 27csews52 27csews54 done
Process and Cpu Count
 9,12 2,12 9,12 9,12 11,12 6,12 10,12 9,12 8,12 11,12 10,12 2,12 9,12 10,12 11,12 3,12 8,12 11,12 7,12 8,12 6,12 11,12 9,12 11,12 10,12 11,12 
Bandwidth Data :
csews1   0 25 13 21 8 12 9 25 73 10 12 40 81 75 21 75 35 27 57 63 96 32 48 46 45 47 
csews4   25 0 21 32 19 18 24 23 73 50 23 50 80 77 42 77 35 34 27 48 97 58 67 36 75 43 
csews5   13 21 0 10 19 12 11 15 76 11 34 50 75 70 36 72 61 18 43 37 96 34 63 44 63 48 
csews6   21 32 10 0 34 10 13 11 76 9 27 34 72 72 22 71 62 31 34 54 96 48 50 38 38 60 
csews8   8 19 19 34 0 11 33 8 75 14 12 48 74 78 20 71 50 33 56 41 96 46 67 19 63 52 
csews9   12 18 12 10 11 0 12 7 75 8 16 36 70 62 23 72 50 20 46 26 98 40 77 17 59 59 
csews10   9 24 11 13 33 12 0 7 78 12 35 46 68 76 22 63 48 18 50 24 101 41 64 36 53 55 
csews12   25 23 15 11 8 7 7 0 78 9 30 52 60 51 20 57 62 20 50 21 96 49 59 31 58 57 
csews13   73 73 76 76 75 75 78 78 0 52 59 8 26 42 8 8 11 10 27 45 96 10 56 34 72 45 
csews15   10 50 11 9 14 8 12 9 52 0 19 24 66 69 25 72 64 21 34 47 97 46 56 31 62 66 
csews16   12 23 34 27 12 16 35 30 59 19 0 21 60 56 48 65 56 23 45 46 99 44 67 39 55 61 
csews17   40 50 50 34 48 36 46 52 8 24 21 0 29 40 8 16 24 8 8 10 96 25 76 31 60 48 
csews19   81 80 75 72 74 70 68 60 26 66 60 29 0 8 8 12 10 11 8 11 100 11 72 27 77 51 
csews20   75 77 70 72 78 62 76 51 42 69 56 40 8 0 12 11 11 10 9 11 101 8 77 35 77 47 
csews21   21 42 36 22 20 23 22 20 8 25 48 8 8 12 0 10 7 8 9 10 99 8 77 40 69 67 
csews23   75 77 72 71 71 72 63 57 8 72 65 16 12 11 10 0 23 10 14 12 102 10 75 48 77 78 
csews24   35 35 61 62 50 50 48 62 11 64 56 24 10 11 7 23 0 10 8 15 99 30 70 54 76 77 
csews25   27 34 18 31 33 20 18 20 10 21 23 8 11 10 8 10 10 0 9 10 101 11 72 49 69 79 
csews27   57 27 43 34 56 46 50 50 27 34 45 8 8 9 9 14 8 9 0 9 100 12 67 57 67 74 
csews28   63 48 37 54 41 26 24 21 45 47 46 10 11 11 10 12 15 10 9 0 104 7 65 55 37 67 
csews29   96 97 96 96 96 98 101 96 96 97 99 96 100 101 99 102 99 101 100 104 0 102 103 100 100 97 
csews32   32 58 34 48 46 40 41 49 10 46 44 25 11 8 8 10 30 11 12 7 102 0 49 31 56 66 
csews50   48 67 63 50 67 77 64 59 56 56 67 76 72 77 77 75 70 72 67 65 103 49 0 9 12 27 
csews51   46 36 44 38 19 17 36 31 34 31 39 31 27 35 40 48 54 49 57 55 100 31 9 0 9 16 
csews52   45 75 63 38 63 59 53 58 72 62 55 60 77 77 69 77 76 69 67 37 100 56 12 9 0 10 
csews54   47 43 48 60 52 59 55 57 45 66 61 48 51 47 67 78 77 79 74 67 97 66 27 16 10 0 
Latency Data :
0 223 131 193 158 170 136 179 594 157 129 1100 873 761 1063 1189 1111 1455 663 1444 4645 953 815 596 1117 527 
223 0 252 370 222 191 230 168 874 238 235 1393 1629 1678 1238 1508 1222 1414 1283 1362 4156 1197 571 568 848 1836 
131 252 0 135 148 127 171 132 658 165 161 879 1275 1141 572 449 843 619 759 1171 3310 495 219 258 483 864 
193 370 135 0 176 266 158 143 935 159 151 633 888 1029 1340 1017 552 1216 1360 1443 4248 503 462 269 609 358 
158 222 148 176 0 146 133 160 754 135 136 365 740 576 441 657 763 448 1218 664 3810 791 247 234 458 1006 
170 191 127 266 146 0 165 142 528 150 136 820 616 1150 1662 983 1021 945 769 991 3405 973 456 439 1121 511 
136 230 171 158 133 165 0 126 791 144 147 1300 1025 856 1055 827 416 930 1349 1162 3063 582 430 291 707 872 
179 168 132 143 160 142 126 0 813 157 153 666 1160 545 271 494 554 667 928 722 2599 675 310 286 239 571 
594 874 658 935 754 528 791 813 0 1083 1847 131 152 205 202 209 129 195 155 172 1947 178 966 667 646 719 
157 238 165 159 135 150 144 157 1083 0 145 1636 957 753 336 881 782 1168 1210 1026 3977 668 355 272 1275 986 
129 235 161 151 136 136 147 153 1847 145 0 583 1576 635 855 1003 813 427 822 1135 2972 799 424 210 321 270 
1100 1393 879 633 365 820 1300 666 131 1636 583 0 188 332 157 159 152 209 171 135 2031 160 603 699 806 591 
873 1629 1275 888 740 616 1025 1160 152 957 1576 188 0 132 177 143 142 137 151 214 2302 180 499 629 385 701 
761 1678 1141 1029 576 1150 856 545 205 753 635 332 132 0 132 150 174 129 135 178 1724 299 341 639 362 583 
1063 1238 572 1340 441 1662 1055 271 202 336 855 157 177 132 0 170 143 180 138 138 1885 156 530 751 569 1235 
1189 1508 449 1017 657 983 827 494 209 881 1003 159 143 150 170 0 149 214 163 153 2075 207 589 646 835 862 
1111 1222 843 552 763 1021 416 554 129 782 813 152 142 174 143 149 0 135 155 160 1694 145 271 695 372 893 
1455 1414 619 1216 448 945 930 667 195 1168 427 209 137 129 180 214 135 0 152 133 1697 240 631 455 426 1587 
663 1283 759 1360 1218 769 1349 928 155 1210 822 171 151 135 138 163 155 152 0 140 2159 243 906 416 689 360 
1444 1362 1171 1443 664 991 1162 722 172 1026 1135 135 214 178 138 153 160 133 140 0 2240 178 674 302 618 1330 
4645 4156 3310 4248 3810 3405 3063 2599 1947 3977 2972 2031 2302 1724 1885 2075 1694 1697 2159 2240 0 2945 3552 2981 4577 4337 
953 1197 495 503 791 973 582 675 178 668 799 160 180 299 156 207 145 240 243 178 2945 0 311 555 1472 548 
815 571 219 462 247 456 430 310 966 355 424 603 499 341 530 589 271 631 906 674 3552 311 0 171 149 157 
596 568 258 269 234 439 291 286 667 272 210 699 629 639 751 646 695 455 416 302 2981 555 171 0 146 137 
1117 848 483 609 458 1121 707 239 646 1275 321 806 385 362 569 835 372 426 689 618 4577 1472 149 146 0 129 
527 1836 864 358 1006 511 872 571 719 986 270 591 701 583 1235 862 893 1587 360 1330 4337 548 157 137 129 0 
Topology Data :
0 162 132 136 129 117 129 129 163 125 118 146 157 173 156 164 146 156 139 189 554 201 152 155 145 155 
175 0 191 194 177 172 180 179 226 192 175 223 259 242 233 218 231 216 214 218 541 238 225 213 211 206 
131 183 0 137 132 131 137 130 167 132 124 165 169 162 188 153 162 163 197 153 367 189 161 160 161 159 
123 167 138 0 140 132 132 141 235 145 130 176 162 178 164 182 168 171 156 155 679 182 169 196 172 181 
131 163 134 140 0 129 135 141 184 134 125 153 158 184 163 150 150 164 164 164 521 166 174 168 154 162 
116 149 131 131 124 0 122 123 168 125 114 159 154 169 151 167 194 151 153 152 471 160 151 154 152 157 
132 191 136 163 141 123 0 135 166 135 129 164 179 183 189 162 150 185 188 149 373 167 180 159 150 184 
0 0 0 0 0 0 0 0 0 0 0 0 0 0 0 0 0 0 0 0 0 0 0 0 0 0 
174 226 179 173 166 155 158 239 0 157 166 118 132 143 134 120 120 134 121 121 420 141 160 177 157 161 
129 164 136 140 144 129 142 140 201 0 131 168 166 171 166 168 158 181 162 169 435 185 162 166 185 161 
122 161 131 139 122 113 121 132 184 123 0 153 150 149 153 154 149 163 141 145 620 176 153 147 138 155 
145 259 177 169 169 154 155 158 125 152 147 0 124 127 124 112 115 122 114 112 531 132 148 153 137 160 
158 195 183 173 187 163 169 200 136 192 157 126 0 139 133 125 125 133 124 133 395 153 168 160 153 170 
154 213 184 176 179 163 167 164 143 167 156 125 139 0 134 122 126 136 127 124 569 141 165 177 156 161 
159 200 180 218 216 150 164 157 139 174 162 130 139 136 0 125 124 134 121 131 614 145 162 161 149 164 
171 200 159 161 192 145 151 162 125 163 139 114 126 128 127 0 122 129 117 117 434 128 155 153 141 157 
144 193 166 167 170 167 162 192 123 155 150 114 125 126 128 113 0 123 119 114 514 129 152 147 141 154 
154 196 163 183 166 167 176 161 138 180 164 125 133 146 130 119 122 0 122 131 427 138 202 162 148 161 
160 203 177 203 157 141 150 151 123 174 176 115 124 122 125 115 113 127 0 115 626 131 154 153 141 172 
158 191 163 184 165 143 158 174 124 148 135 112 124 134 125 114 122 125 117 0 644 125 150 153 136 146 
421 730 478 639 494 631 463 550 350 364 412 463 576 571 341 402 365 507 312 341 0 463 469 387 424 629 
198 241 175 176 174 196 228 170 150 210 180 133 148 145 142 147 134 152 141 138 451 0 180 175 163 177 
147 229 189 216 167 150 160 212 164 164 163 146 185 167 163 151 150 162 153 158 425 163 0 133 123 136 
169 217 168 165 164 169 167 168 164 166 167 154 164 166 173 153 154 189 153 152 651 185 141 0 124 132 
145 201 151 170 152 138 147 157 152 150 144 141 172 151 149 142 140 146 136 134 537 156 123 121 0 123 
172 218 162 169 159 151 178 185 163 169 175 148 178 164 161 149 152 186 149 147 402 196 130 134 120 0 
Node Data :
band_10 :15 :16 :21 :8 :2 :2 :2 :2 :18 :4 :7 :12 :18 :9 :0 :10 :2 :2 :0 :0 :7 :13 :18 :8 :16 :14 
band_150 :6 :14 :7 :9 :4 :5 :6 :4 :6 :7 :5 :6 :6 :6 :4 :6 :7 :4 :7 :8 :6 :7 :8 :6 :5 :6 
band_50 :9 :21 :10 :15 :4 :4 :5 :5 :13 :7 :4 :12 :10 :8 :3 :9 :12 :4 :4 :6 :7 :12 :10 :8 :10 :11 
corecount :0 :0 :0 :0 :0 :0 :0 :0 :0 :0 :0 :0 :0 :0 :0 :0 :0 :0 :0 :0 :0 :0 :0 :0 :0 :0 
cpucount :0 :0 :0 :0 :0 :0 :0 :0 :0 :0 :0 :0 :0 :0 :0 :0 :0 :0 :0 :0 :0 :0 :0 :0 :0 :0 
cpufreqcurrent :333 :894 :605 :649 :160 :473 :3117 :0 :740 :11 :124 :980 :827 :232 :90 :826 :87 :71 :612 :629 :731 :357 :1091 :95 :135 :112 
cpufreqmax :0 :0 :0 :0 :0 :0 :0 :0 :0 :0 :0 :0 :0 :0 :0 :0 :0 :0 :0 :0 :0 :0 :0 :0 :0 :0 
cpufreqmin :0 :0 :0 :0 :0 :0 :0 :0 :0 :0 :0 :0 :0 :0 :0 :0 :0 :0 :0 :0 :0 :0 :0 :0 :0 :0 
load_1 :0.285 :4.8975 :0.433333 :0.341667 :0.105833 :0.490833 :0.229167 :0.27 :0.534167 :0.150833 :0.1825 :1 :0.35 :0.228333 :0.133333 :0.86 :0.360833 :0.109167 :0.4325 :0.339167 :0.623333 :0.111667 :0.311667 :0.13 :0.209167 :0.109167 
load_15 :0.2175 :4.475 :0.169167 :0.170833 :0.143333 :0.535 :0.159167 :0.263333 :0.110833 :0.144167 :0.1575 :0.783333 :0.150833 :0.174167 :0.0941667 :0.679167 :0.3475 :0.1225 :0.485833 :0.299167 :0.36 :0.124167 :0.205833 :0.143333 :0.201667 :0.1325 
load_5 :0.291667 :4.98167 :0.260833 :0.241667 :0.156667 :0.56 :0.226667 :0.245 :0.183333 :0.183333 :0.1625 :0.826667 :0.195 :0.221667 :0.101667 :0.7725 :0.396667 :0.124167 :0.526667 :0.395 :0.489167 :0.119167 :0.3125 :0.155 :0.208333 :0.138333 
memory :110592 :110592 :4096 :110592 :0 :110592 :0 :0 :110592 :110592 :110592 :0 :0 :110592 :0 :118784 :0 :8192 :4096 :110592 :110592 :110592 :110592 :0 :110592 :8192 
memory_10 :15237 :8668 :1271 :2424 :1775 :4922 :75 :2342 :15252 :12339 :5796 :1179 :5325 :1640 :5570 :15293 :7391 :59 :154 :15433 :15502 :6785 :1920 :1219 :5109 :0 
memory_150 :15238 :8712 :1229 :2396 :1781 :4908 :148 :2367 :15082 :12339 :5797 :1102 :5246 :1665 :5563 :15295 :7393 :63 :189 :15455 :15480 :6781 :1917 :1222 :5120 :0 
memory_50 :15267 :8704 :1266 :2394 :1779 :4917 :115 :2394 :15128 :12339 :5802 :1142 :5283 :1673 :5572 :15320 :7393 :65 :163 :15470 :15497 :6789 :1913 :1223 :5112 :0 
node :1 :4 :5 :6 :8 :9 :10 :12 :13 :15 :16 :17 :19 :20 :21 :23 :24 :25 :27 :28 :29 :32 :50 :51 :52 :54 
nodeusers :1 :5 :9 :10 :9 :9 :7 :9 :2 :4 :8 :9 :9 :8 :7 :0 :7 :8 :10 :4 :3 :7 :8 :9 :8 :10 
processcount :4 :4 :4 :4 :4 :4 :4 :4 :4 :4 :4 :4 :4 :4 :4 :4 :4 :4 :4 :4 :4 :4 :4 :4 :4 :4 
util_10 :16 :99 :45 :45 :8 :44 :10 :13 :54 :13 :18 :100 :55 :15 :9 :68 :27 :9 :40 :16 :75 :12 :21 :9 :24 :15 
util_150 :22 :99 :21 :26 :8 :55 :22 :20 :12 :22 :14 :77 :15 :18 :6 :70 :41 :5 :55 :41 :41 :7 :34 :8 :17 :9 
util_50 :28 :99 :39 :21 :5 :39 :24 :32 :22 :9 :15 :85 :23 :26 :5 :78 :24 :5 :40 :37 :57 :7 :26 :6 :15 :8 

COMPUTE POWER OF EACH NODE W/o NORM
16.9732 100.475 18.7035 13.729 4.40023 16.2144 5.61621 7.22493 23.6648 9.86911 9.35601 31.3888 19.0542 9.12156 4.88111 30.0836 12.6159 3.692 12.6801 13.1502 25.7434 10.12 14.461 6.57869 13.5455 8.65718 
COMPUTE POWER OF EACH NODE
0.0384009 0.22732 0.0423156 0.0310612 0.00995527 0.0366842 0.0127063 0.016346 0.0535402 0.0223283 0.0211674 0.0710153 0.043109 0.020637 0.0110432 0.0680624 0.0285429 0.00835295 0.028688 0.0297515 0.058243 0.0228959 0.0327172 0.0148839 0.030646 0.0195864 

Nodes
1 4 5 6 8 9 10 12 13 15 16 17 19 20 21 23 24 25 27 28 29 32 50 51 52 54 
csews1 csews4 csews5 csews6 csews8 csews9 csews10 csews12 csews13 csews15 csews16 csews17 csews19 csews20 csews21 csews23 csews24 csews25 csews27 csews28 csews29 csews32 csews50 csews51 csews52 csews54 
Computation, Network and Total load for each node star:

1 || 0.0384009 || 0 || 0.00768018
4 || 0.22732 || 0 || 0.045464
5 || 0.0423156 || 0 || 0.00846311
6 || 0.0310612 || 0 || 0.00621223
8 || 0.00995527 || 0 || 0.00199105
9 || 0.0366842 || 0 || 0.00733684
10 || 0.0127063 || 0 || 0.00254127
12 || 0.016346 || 0 || 0.0032692
13 || 0.0535402 || 0 || 0.010708
15 || 0.0223283 || 0 || 0.00446566
16 || 0.0211674 || 0 || 0.00423349
17 || 0.0710153 || 0 || 0.0142031
19 || 0.043109 || 0 || 0.0086218
20 || 0.020637 || 0 || 0.0041274
21 || 0.0110432 || 0 || 0.00220865
23 || 0.0680624 || 0 || 0.0136125
24 || 0.0285429 || 0 || 0.00570857
25 || 0.00835295 || 0 || 0.00167059
27 || 0.028688 || 0 || 0.00573759
28 || 0.0297515 || 0 || 0.00595031
29 || 0.058243 || 0 || 0.0116486
32 || 0.0228959 || 0 || 0.00457918
50 || 0.0327172 || 0 || 0.00654345
51 || 0.0148839 || 0 || 0.00297678
52 || 0.030646 || 0 || 0.00612919
54 || 0.0195864 || 0 || 0.00391728
Min Load:0.00167059 25
25 4

NODES ALLOCATION WITH MAX COMPUTE
csews25



======================================================================
proc count : 4 BINARY : /users/btech/akashish/UGP/allocator/miniMD -s 8 -n 500
======================================================================
======================================================================
csews1 csews4 csews5 csews6 csews8 csews9 csews10 csews12 csews13 csews15 csews16 csews17 csews19 csews20 csews21 csews23 csews24 csews25 csews27 csews28 csews29 csews32 csews50 csews51 csews52 csews54 
Number of hosts: 26
27csews1 27csews4 27csews5 27csews6 27csews8 27csews9 27csews10 26csews12 27csews13 27csews15 27csews16 27csews17 27csews19 27csews20 27csews21 27csews23 27csews24 27csews25 27csews27 27csews28 27csews29 27csews32 27csews50 27csews51 27csews52 27csews54 done
Process and Cpu Count
 9,12 4,12 9,12 9,12 11,12 6,12 10,12 9,12 7,12 11,12 10,12 2,12 9,12 10,12 11,12 3,12 8,12 11,12 7,12 8,12 6,12 11,12 9,12 11,12 10,12 11,12 
Bandwidth Data :
csews1   0 22 10 18 5 9 6 22 70 7 9 37 78 72 18 72 32 24 54 60 93 29 45 43 42 20 
csews4   22 0 18 29 16 15 21 20 70 47 20 47 77 74 39 74 32 31 24 45 94 55 64 33 72 51 
csews5   10 18 0 7 16 9 8 12 73 8 31 47 72 67 33 69 58 15 40 34 93 31 60 41 60 21 
csews6   18 29 7 0 31 7 10 8 73 6 24 31 69 69 19 68 59 28 31 51 93 45 47 35 35 20 
csews8   5 16 16 31 0 8 30 5 72 11 9 45 71 75 17 68 47 30 53 38 93 43 64 16 60 41 
csews9   9 15 9 7 8 0 9 4 72 5 13 33 67 59 20 69 47 17 43 23 95 37 74 14 56 51 
csews10   6 21 8 10 30 9 0 4 75 9 32 43 65 73 19 60 45 15 47 21 98 38 61 33 50 45 
csews12   22 20 12 8 5 4 4 0 75 6 27 49 57 48 17 54 59 17 47 18 93 46 56 28 55 34 
csews13   70 70 73 73 72 72 75 75 0 49 56 5 23 39 5 5 8 7 24 42 93 7 53 31 69 52 
csews15   7 47 8 6 11 5 9 6 49 0 16 21 63 66 22 69 61 18 31 44 94 43 53 28 59 42 
csews16   9 20 31 24 9 13 32 27 56 16 0 18 57 53 45 62 53 20 42 43 96 41 64 36 52 49 
csews17   37 47 47 31 45 33 43 49 5 21 18 0 26 37 5 13 21 5 5 7 93 22 73 28 57 49 
csews19   78 77 72 69 71 67 65 57 23 63 57 26 0 5 5 9 7 8 5 8 97 8 69 24 74 58 
csews20   72 74 67 69 75 59 73 48 39 66 53 37 5 0 9 8 8 7 6 8 98 5 74 32 74 58 
csews21   18 39 33 19 17 20 19 17 5 22 45 5 5 9 0 7 4 5 6 7 96 5 74 37 66 49 
csews23   72 74 69 68 68 69 60 54 5 69 62 13 9 8 7 0 20 7 11 9 99 7 72 45 74 44 
csews24   32 32 58 59 47 47 45 59 8 61 53 21 7 8 4 20 0 7 5 12 96 27 67 51 73 50 
csews25   24 31 15 28 30 17 15 17 7 18 20 5 8 7 5 7 7 0 6 7 98 8 69 46 66 51 
csews27   54 24 40 31 53 43 47 47 24 31 42 5 5 6 6 11 5 6 0 6 97 9 64 54 64 44 
csews28   60 45 34 51 38 23 21 18 42 44 43 7 8 8 7 9 12 7 6 0 101 4 62 52 34 31 
csews29   93 94 93 93 93 95 98 93 93 94 96 93 97 98 96 99 96 98 97 101 0 99 100 97 97 101 
csews32   29 55 31 45 43 37 38 46 7 43 41 22 8 5 5 7 27 8 9 4 99 0 46 28 53 79 
csews50   45 64 60 47 64 74 61 56 53 53 64 73 69 74 74 72 67 69 64 62 100 46 0 6 9 19 
csews51   43 33 41 35 16 14 33 28 31 28 36 28 24 32 37 45 51 46 54 52 97 28 6 0 6 21 
csews52   42 72 60 35 60 56 50 55 69 59 52 57 74 74 66 74 73 66 64 34 97 53 9 6 0 10 
csews54   20 51 21 20 41 51 45 34 52 42 49 49 58 58 49 44 50 51 44 31 101 79 19 21 10 0 
Latency Data :
0 223 131 193 151 189 136 179 550 157 129 1017 824 667 936 1189 1124 1433 663 1277 4645 964 815 596 1117 527 
223 0 252 370 223 184 230 168 825 238 235 1398 1482 1506 1098 1508 1090 1462 1283 1217 4156 1195 571 568 848 1836 
131 252 0 135 181 141 171 132 860 165 161 806 1371 1279 688 449 900 556 759 1025 3310 733 219 258 483 864 
193 370 135 0 169 284 158 143 1024 159 151 956 787 1298 1173 1017 643 1223 1360 1254 4248 1154 462 269 609 358 
151 223 181 169 0 157 133 160 1235 135 136 440 667 800 436 657 955 415 1218 718 3810 1382 247 234 458 1006 
189 184 141 284 157 0 165 142 621 150 136 751 699 1297 1444 983 1287 970 769 882 3405 853 456 439 1121 511 
136 230 171 158 133 165 0 126 702 144 147 1191 1075 1170 925 827 782 952 1349 1430 3063 1207 430 291 707 872 
179 168 132 143 160 142 126 0 1126 157 153 646 1451 518 288 494 511 630 928 804 2599 1143 310 286 239 571 
550 825 860 1024 1235 621 702 1126 0 1083 1847 153 148 194 341 209 142 337 155 167 1947 184 966 667 646 719 
157 238 165 159 135 150 144 157 1083 0 145 1588 1414 1479 507 881 1369 1205 1210 903 3977 1380 355 272 1275 986 
129 235 161 151 136 136 147 153 1847 145 0 702 1794 2135 1033 1003 728 665 822 1275 2972 1528 424 210 321 270 
1017 1398 806 956 440 751 1191 646 153 1588 702 0 219 342 170 159 167 204 171 145 2031 200 603 699 806 591 
824 1482 1371 787 667 699 1075 1451 148 1414 1794 219 0 149 175 143 150 142 151 199 2302 186 499 629 385 701 
667 1506 1279 1298 800 1297 1170 518 194 1479 2135 342 149 0 134 150 171 129 135 180 1724 274 341 639 362 583 
936 1098 688 1173 436 1444 925 288 341 507 1033 170 175 134 0 170 139 173 138 134 1885 159 530 751 569 1235 
1189 1508 449 1017 657 983 827 494 209 881 1003 159 143 150 170 0 155 199 163 150 2075 196 589 646 835 862 
1124 1090 900 643 955 1287 782 511 142 1369 728 167 150 171 139 155 0 135 155 154 1694 148 271 695 372 893 
1433 1462 556 1223 415 970 952 630 337 1205 665 204 142 129 173 199 135 0 152 130 1697 227 631 455 426 1587 
663 1283 759 1360 1218 769 1349 928 155 1210 822 171 151 135 138 163 155 152 0 136 2159 230 906 416 689 360 
1277 1217 1025 1254 718 882 1430 804 167 903 1275 145 199 180 134 150 154 130 136 0 2240 168 674 302 618 1330 
4645 4156 3310 4248 3810 3405 3063 2599 1947 3977 2972 2031 2302 1724 1885 2075 1694 1697 2159 2240 0 2569 3552 2981 4577 4337 
964 1195 733 1154 1382 853 1207 1143 184 1380 1528 200 186 274 159 196 148 227 230 168 2569 0 311 555 1472 548 
815 571 219 462 247 456 430 310 966 355 424 603 499 341 530 589 271 631 906 674 3552 311 0 171 149 157 
596 568 258 269 234 439 291 286 667 272 210 699 629 639 751 646 695 455 416 302 2981 555 171 0 146 137 
1117 848 483 609 458 1121 707 239 646 1275 321 806 385 362 569 835 372 426 689 618 4577 1472 149 146 0 129 
527 1836 864 358 1006 511 872 571 719 986 270 591 701 583 1235 862 893 1587 360 1330 4337 548 157 137 129 0 
Topology Data :
0 162 132 136 129 117 129 129 163 125 118 146 157 173 156 164 146 156 139 189 554 201 152 155 145 155 
175 0 191 194 177 172 180 179 226 192 175 223 259 242 233 218 231 216 214 218 541 238 225 213 211 206 
131 183 0 137 132 131 137 130 167 132 124 165 169 162 188 153 162 163 197 153 367 189 161 160 161 159 
123 167 138 0 140 132 132 141 235 145 130 176 162 178 164 182 168 171 156 155 679 182 169 196 172 181 
131 163 134 140 0 129 135 141 184 134 125 153 158 184 163 150 150 164 164 164 521 166 174 168 154 162 
116 149 131 131 124 0 122 123 168 125 114 159 154 169 151 167 194 151 153 152 471 160 151 154 152 157 
132 191 136 163 141 123 0 135 166 135 129 164 179 183 189 162 150 185 188 149 373 167 180 159 150 184 
0 0 0 0 0 0 0 0 0 0 0 0 0 0 0 0 0 0 0 0 0 0 0 0 0 0 
174 226 179 173 166 155 158 239 0 157 166 118 132 143 134 120 120 134 121 121 420 141 160 177 157 161 
129 164 136 140 144 129 142 140 201 0 131 168 166 171 166 168 158 181 162 169 435 185 162 166 185 161 
122 161 131 139 122 113 121 132 184 123 0 153 150 149 153 154 149 163 141 145 620 176 153 147 138 155 
145 259 177 169 169 154 155 158 125 152 147 0 124 127 124 112 115 122 114 112 531 132 148 153 137 160 
158 195 183 173 187 163 169 200 136 192 157 126 0 139 133 125 125 133 124 133 395 153 168 160 153 170 
154 213 184 176 179 163 167 164 143 167 156 125 139 0 134 122 126 136 127 124 569 141 165 177 156 161 
159 200 180 218 216 150 164 157 139 174 162 130 139 136 0 125 124 134 121 131 614 145 162 161 149 164 
171 200 159 161 192 145 151 162 125 163 139 114 126 128 127 0 122 129 117 117 434 128 155 153 141 157 
144 193 166 167 170 167 162 192 123 155 150 114 125 126 128 113 0 123 119 114 514 129 152 147 141 154 
154 196 163 183 166 167 176 161 138 180 164 125 133 146 130 119 122 0 122 131 427 138 202 162 148 161 
160 203 177 203 157 141 150 151 123 174 176 115 124 122 125 115 113 127 0 115 626 131 154 153 141 172 
158 191 163 184 165 143 158 174 124 148 135 112 124 134 125 114 122 125 117 0 644 125 150 153 136 146 
421 730 478 639 494 631 463 550 350 364 412 463 576 571 341 402 365 507 312 341 0 463 469 387 424 629 
198 241 175 176 174 196 228 170 150 210 180 133 148 145 142 147 134 152 141 138 451 0 180 175 163 177 
147 229 189 216 167 150 160 212 164 164 163 146 185 167 163 151 150 162 153 158 425 163 0 133 123 136 
169 217 168 165 164 169 167 168 164 166 167 154 164 166 173 153 154 189 153 152 651 185 141 0 124 132 
145 201 151 170 152 138 147 157 152 150 144 141 172 151 149 142 140 146 136 134 537 156 123 121 0 123 
172 218 162 169 159 151 178 185 163 169 175 148 178 164 161 149 152 186 149 147 402 196 130 134 120 0 
Node Data :
band_10 :17 :23 :20 :8 :2 :1 :2 :2 :16 :2 :2 :8 :14 :14 :7 :10 :2 :5 :5 :4 :4 :12 :13 :5 :14 :18 
band_150 :7 :14 :7 :9 :4 :5 :6 :4 :6 :6 :4 :6 :6 :6 :4 :7 :7 :4 :6 :8 :6 :8 :8 :6 :6 :6 
band_50 :9 :22 :11 :16 :4 :4 :4 :5 :14 :5 :4 :10 :11 :9 :4 :10 :12 :4 :4 :5 :7 :11 :10 :6 :10 :11 
corecount :0 :0 :0 :0 :0 :0 :0 :0 :0 :0 :0 :0 :0 :0 :0 :0 :0 :0 :0 :0 :0 :0 :0 :0 :0 :0 
cpucount :0 :0 :0 :0 :0 :0 :0 :0 :0 :0 :0 :0 :0 :0 :0 :0 :0 :0 :0 :0 :0 :0 :0 :0 :0 :0 
cpufreqcurrent :108 :894 :503 :590 :12 :683 :15 :0 :537 :28 :93 :979 :618 :2968 :3534 :834 :234 :14 :720 :50 :799 :167 :77 :1980 :130 :935 
cpufreqmax :0 :0 :0 :0 :0 :0 :0 :0 :0 :0 :0 :0 :0 :0 :0 :0 :0 :0 :0 :0 :0 :0 :0 :0 :0 :0 
cpufreqmin :0 :0 :0 :0 :0 :0 :0 :0 :0 :0 :0 :0 :0 :0 :0 :0 :0 :0 :0 :0 :0 :0 :0 :0 :0 :0 
load_1 :0.2825 :4.685 :0.438333 :0.3475 :0.101667 :0.499167 :0.2175 :0.27 :0.665 :0.133333 :0.181667 :1.00667 :0.379167 :0.223333 :0.136667 :0.824167 :0.343333 :0.114167 :0.424167 :0.351667 :0.613333 :0.131667 :0.3325 :0.133333 :0.205833 :0.100833 
load_15 :0.2175 :4.4625 :0.170833 :0.171667 :0.1425 :0.535 :0.158333 :0.263333 :0.121667 :0.1425 :0.1575 :0.785 :0.155 :0.174167 :0.0941667 :0.678333 :0.346667 :0.123333 :0.485 :0.3 :0.360833 :0.125 :0.208333 :0.143333 :0.201667 :0.131667 
load_5 :0.290833 :4.93583 :0.265 :0.244167 :0.154167 :0.559167 :0.224167 :0.245 :0.216667 :0.179167 :0.1625 :0.830833 :0.206667 :0.220833 :0.1025 :0.7675 :0.391667 :0.124167 :0.524167 :0.396667 :0.489167 :0.123333 :0.3175 :0.155833 :0.2075 :0.136667 
memory :110592 :110592 :4096 :110592 :0 :110592 :0 :0 :110592 :110592 :110592 :0 :0 :110592 :0 :118784 :0 :8192 :4096 :110592 :110592 :110592 :110592 :0 :110592 :8192 
memory_10 :15244 :8667 :1313 :2427 :1779 :4930 :78 :2344 :15251 :12346 :5798 :1181 :5289 :1645 :5574 :15296 :7398 :62 :157 :15440 :15500 :6789 :1949 :1225 :5114 :0 
memory_150 :15239 :8713 :1234 :2399 :1780 :4911 :141 :2368 :15087 :12341 :5798 :1104 :5246 :1666 :5565 :15297 :7394 :64 :188 :15457 :15481 :6783 :1919 :1222 :5120 :0 
memory_50 :15265 :8701 :1275 :2398 :1780 :4921 :113 :2394 :15136 :12342 :5802 :1148 :5281 :1671 :5573 :15318 :7395 :66 :162 :15467 :15497 :6789 :1916 :1224 :5112 :0 
node :1 :4 :5 :6 :8 :9 :10 :12 :13 :15 :16 :17 :19 :20 :21 :23 :24 :25 :27 :28 :29 :32 :50 :51 :52 :54 
nodeusers :1 :5 :9 :10 :9 :9 :7 :9 :2 :4 :8 :9 :9 :8 :7 :0 :7 :8 :10 :4 :3 :7 :8 :9 :8 :10 
processcount :4 :4 :4 :4 :4 :4 :4 :4 :4 :4 :4 :4 :4 :4 :4 :4 :4 :4 :4 :4 :4 :4 :4 :4 :4 :4 
util_10 :19 :99 :49 :44 :10 :45 :10 :13 :54 :14 :19 :100 :55 :18 :12 :71 :29 :13 :41 :22 :67 :16 :24 :13 :26 :17 
util_150 :22 :99 :22 :27 :7 :55 :21 :20 :13 :22 :14 :77 :16 :18 :6 :70 :41 :5 :55 :42 :42 :7 :34 :8 :17 :9 
util_50 :27 :99 :40 :23 :5 :40 :23 :32 :24 :9 :15 :87 :26 :25 :6 :77 :25 :6 :40 :36 :57 :8 :26 :7 :16 :9 

COMPUTE POWER OF EACH NODE W/o NORM
17.8094 100.423 18.5701 13.4094 4.52935 15.8298 5.4508 7.15781 23.9254 9.04682 7.63966 29.5648 17.6272 10.9965 7.59376 29.7233 12.53 5.15782 14.2144 15.2439 23.3063 10.2993 13.1241 5.96935 12.8518 10.0064 
COMPUTE POWER OF EACH NODE
0.0402927 0.227201 0.0420139 0.030338 0.0102474 0.035814 0.0123321 0.0161941 0.0541299 0.0204679 0.0172843 0.0668886 0.0398805 0.0248789 0.0171804 0.0672472 0.0283485 0.0116693 0.0321592 0.0344885 0.0527293 0.0233015 0.0296925 0.0135053 0.0290765 0.0226388 

Nodes
1 4 5 6 8 9 10 12 13 15 16 17 19 20 21 23 24 25 27 28 29 32 50 51 52 54 
csews1 csews4 csews5 csews6 csews8 csews9 csews10 csews12 csews13 csews15 csews16 csews17 csews19 csews20 csews21 csews23 csews24 csews25 csews27 csews28 csews29 csews32 csews50 csews51 csews52 csews54 
Computation, Network and Total load for each node star:

1 || 0.0402927 || 0 || 0.00805854
4 || 0.227201 || 0 || 0.0454401
5 || 0.0420139 || 0 || 0.00840277
6 || 0.030338 || 0 || 0.0060676
8 || 0.0102474 || 0 || 0.00204948
9 || 0.035814 || 0 || 0.0071628
10 || 0.0123321 || 0 || 0.00246642
12 || 0.0161941 || 0 || 0.00323883
13 || 0.0541299 || 0 || 0.010826
15 || 0.0204679 || 0 || 0.00409358
16 || 0.0172843 || 0 || 0.00345686
17 || 0.0668886 || 0 || 0.0133777
19 || 0.0398805 || 0 || 0.00797609
20 || 0.0248789 || 0 || 0.00497577
21 || 0.0171804 || 0 || 0.00343609
23 || 0.0672472 || 0 || 0.0134494
24 || 0.0283485 || 0 || 0.0056697
25 || 0.0116693 || 0 || 0.00233385
27 || 0.0321592 || 0 || 0.00643184
28 || 0.0344885 || 0 || 0.0068977
29 || 0.0527293 || 0 || 0.0105459
32 || 0.0233015 || 0 || 0.00466031
50 || 0.0296925 || 0 || 0.0059385
51 || 0.0135053 || 0 || 0.00270106
52 || 0.0290765 || 0 || 0.0058153
54 || 0.0226388 || 0 || 0.00452777
Min Load:0.00204948 8
8 4

NODES ALLOCATION WITH MAX COMPUTE
csews8



======================================================================
proc count : 4 BINARY : /users/btech/akashish/UGP/allocator/miniMD -s 8 -n 500
======================================================================
======================================================================
csews1 csews4 csews5 csews6 csews8 csews9 csews10 csews12 csews13 csews15 csews16 csews17 csews19 csews20 csews21 csews23 csews24 csews25 csews27 csews28 csews29 csews32 csews50 csews51 csews52 csews54 
Number of hosts: 26
27csews1 27csews4 27csews5 27csews6 27csews8 27csews9 27csews10 26csews12 27csews13 27csews15 27csews16 27csews17 27csews19 27csews20 27csews21 27csews23 27csews24 27csews25 27csews27 27csews28 27csews29 27csews32 27csews50 27csews51 27csews52 27csews54 done
Process and Cpu Count
 9,12 4,12 8,12 9,12 11,12 6,12 10,12 9,12 7,12 11,12 10,12 2,12 9,12 10,12 11,12 3,12 8,12 11,12 7,12 8,12 6,12 10,12 9,12 11,12 10,12 11,12 
Bandwidth Data :
csews1   0 26 10 18 5 9 6 22 70 7 9 37 78 72 18 72 32 24 54 60 93 29 45 43 42 20 
csews4   26 0 18 29 16 15 21 20 70 47 20 47 77 74 39 74 32 31 24 45 94 55 64 33 72 51 
csews5   10 18 0 7 16 9 8 12 73 8 31 47 72 67 33 69 58 15 40 34 93 31 60 41 60 21 
csews6   18 29 7 0 31 7 10 8 73 6 24 31 69 69 19 68 59 28 31 51 93 45 47 35 35 20 
csews8   5 16 16 31 0 8 30 5 72 11 9 45 71 75 17 68 47 30 53 38 93 43 64 16 60 41 
csews9   9 15 9 7 8 0 9 4 72 5 13 33 67 59 20 69 47 17 43 23 95 37 74 14 56 51 
csews10   6 21 8 10 30 9 0 4 75 9 32 43 65 73 19 60 45 15 47 21 98 38 61 33 50 45 
csews12   22 20 12 8 5 4 4 0 75 6 27 49 57 48 17 54 59 17 47 18 93 46 56 28 55 34 
csews13   70 70 73 73 72 72 75 75 0 49 56 5 23 39 5 5 8 7 24 42 93 7 53 31 69 52 
csews15   7 47 8 6 11 5 9 6 49 0 16 21 63 66 22 69 61 18 31 44 94 43 53 28 59 42 
csews16   9 20 31 24 9 13 32 27 56 16 0 18 57 53 45 62 53 20 42 43 96 41 64 36 52 49 
csews17   37 47 47 31 45 33 43 49 5 21 18 0 26 37 5 13 21 5 5 7 93 22 73 28 57 49 
csews19   78 77 72 69 71 67 65 57 23 63 57 26 0 5 5 9 7 8 5 8 97 8 69 24 74 58 
csews20   72 74 67 69 75 59 73 48 39 66 53 37 5 0 9 8 8 7 6 8 98 5 74 32 74 58 
csews21   18 39 33 19 17 20 19 17 5 22 45 5 5 9 0 7 4 5 6 7 96 5 74 37 66 49 
csews23   72 74 69 68 68 69 60 54 5 69 62 13 9 8 7 0 20 7 11 9 99 7 72 45 74 44 
csews24   32 32 58 59 47 47 45 59 8 61 53 21 7 8 4 20 0 7 5 12 96 27 67 51 73 50 
csews25   24 31 15 28 30 17 15 17 7 18 20 5 8 7 5 7 7 0 6 7 98 8 69 46 66 51 
csews27   54 24 40 31 53 43 47 47 24 31 42 5 5 6 6 11 5 6 0 6 97 9 64 54 64 44 
csews28   60 45 34 51 38 23 21 18 42 44 43 7 8 8 7 9 12 7 6 0 101 4 62 52 34 31 
csews29   93 94 93 93 93 95 98 93 93 94 96 93 97 98 96 99 96 98 97 101 0 99 100 97 97 101 
csews32   29 55 31 45 43 37 38 46 7 43 41 22 8 5 5 7 27 8 9 4 99 0 46 28 53 79 
csews50   45 64 60 47 64 74 61 56 53 53 64 73 69 74 74 72 67 69 64 62 100 46 0 6 9 19 
csews51   43 33 41 35 16 14 33 28 31 28 36 28 24 32 37 45 51 46 54 52 97 28 6 0 6 21 
csews52   42 72 60 35 60 56 50 55 69 59 52 57 74 74 66 74 73 66 64 34 97 53 9 6 0 10 
csews54   20 51 21 20 41 51 45 34 52 42 49 49 58 58 49 44 50 51 44 31 101 79 19 21 10 0 
Latency Data :
0 223 148 193 151 189 592 179 550 171 147 1017 824 667 936 1189 1124 1433 663 1277 4645 964 716 573 1117 527 
223 0 257 370 223 184 223 168 825 237 231 1398 1482 1506 1098 1508 1090 1462 1283 1217 4156 1195 892 846 848 1836 
148 257 0 135 181 141 168 132 860 162 154 806 1371 1279 688 449 900 556 759 1025 3310 733 226 245 483 864 
193 370 135 0 169 284 152 143 1024 156 147 956 787 1298 1173 1017 643 1223 1360 1254 4248 1154 438 259 609 358 
151 223 181 169 0 157 131 160 1235 132 133 440 667 800 436 657 955 415 1218 718 3810 1382 250 223 458 1006 
189 184 141 284 157 0 157 142 621 145 133 751 699 1297 1444 983 1287 970 769 882 3405 853 427 398 1121 511 
592 223 168 152 131 157 0 126 702 142 142 1191 1075 1170 925 827 782 952 1349 1430 3063 1207 527 277 707 872 
179 168 132 143 160 142 126 0 1126 154 149 646 1451 518 288 494 511 630 928 804 2599 1143 596 284 239 571 
550 825 860 1024 1235 621 702 1126 0 1279 2162 153 148 194 341 209 142 337 155 167 1947 184 1134 1536 646 719 
171 237 162 156 132 145 142 154 1279 0 141 1588 1414 1479 507 881 1369 1205 1210 903 3977 1380 325 390 1275 986 
147 231 154 147 133 133 142 149 2162 141 0 702 1794 2135 1033 1003 728 665 822 1275 2972 1528 388 213 321 270 
1017 1398 806 956 440 751 1191 646 153 1588 702 0 219 342 170 159 167 204 171 145 2031 200 1474 958 806 591 
824 1482 1371 787 667 699 1075 1451 148 1414 1794 219 0 149 175 143 150 142 151 199 2302 186 2072 1902 385 701 
667 1506 1279 1298 800 1297 1170 518 194 1479 2135 342 149 0 134 150 171 129 135 180 1724 274 606 1125 362 583 
936 1098 688 1173 436 1444 925 288 341 507 1033 170 175 134 0 170 139 173 138 134 1885 159 1174 886 569 1235 
1189 1508 449 1017 657 983 827 494 209 881 1003 159 143 150 170 0 155 199 163 150 2075 196 549 747 835 862 
1124 1090 900 643 955 1287 782 511 142 1369 728 167 150 171 139 155 0 135 155 154 1694 148 527 615 372 893 
1433 1462 556 1223 415 970 952 630 337 1205 665 204 142 129 173 199 135 0 152 130 1697 227 1104 555 426 1587 
663 1283 759 1360 1218 769 1349 928 155 1210 822 171 151 135 138 163 155 152 0 136 2159 230 814 389 689 360 
1277 1217 1025 1254 718 882 1430 804 167 903 1275 145 199 180 134 150 154 130 136 0 2240 168 1253 565 618 1330 
4645 4156 3310 4248 3810 3405 3063 2599 1947 3977 2972 2031 2302 1724 1885 2075 1694 1697 2159 2240 0 2569 3769 3558 4577 4337 
964 1195 733 1154 1382 853 1207 1143 184 1380 1528 200 186 274 159 196 148 227 230 168 2569 0 963 1674 1472 548 
716 892 226 438 250 427 527 596 1134 325 388 1474 2072 606 1174 549 527 1104 814 1253 3769 963 0 167 149 157 
573 846 245 259 223 398 277 284 1536 390 213 958 1902 1125 886 747 615 555 389 565 3558 1674 167 0 146 137 
1117 848 483 609 458 1121 707 239 646 1275 321 806 385 362 569 835 372 426 689 618 4577 1472 149 146 0 129 
527 1836 864 358 1006 511 872 571 719 986 270 591 701 583 1235 862 893 1587 360 1330 4337 548 157 137 129 0 
Topology Data :
0 162 132 136 129 117 129 129 163 125 118 146 157 173 156 164 146 156 139 189 554 201 152 155 145 155 
175 0 191 194 177 172 180 179 226 192 175 223 259 242 233 218 231 216 214 218 541 238 225 213 211 206 
131 183 0 137 132 131 137 130 167 132 124 165 169 162 188 153 162 163 197 153 367 189 161 160 161 159 
123 167 138 0 140 132 132 141 235 145 130 176 162 178 164 182 168 171 156 155 679 182 169 196 172 181 
131 163 134 140 0 129 135 141 184 134 125 153 158 184 163 150 150 164 164 164 521 166 174 168 154 162 
116 149 131 131 124 0 122 123 168 125 114 159 154 169 151 167 194 151 153 152 471 160 151 154 152 157 
132 191 136 163 141 123 0 135 166 135 129 164 179 183 189 162 150 185 188 149 373 167 180 159 150 184 
0 0 0 0 0 0 0 0 0 0 0 0 0 0 0 0 0 0 0 0 0 0 0 0 0 0 
174 226 179 173 166 155 158 239 0 157 166 118 132 143 134 120 120 134 121 121 420 141 160 177 157 161 
129 164 136 140 144 129 142 140 201 0 131 168 166 171 166 168 158 181 162 169 435 185 162 166 185 161 
122 161 131 139 122 113 121 132 184 123 0 153 150 149 153 154 149 163 141 145 620 176 153 147 138 155 
145 259 177 169 169 154 155 158 125 152 147 0 124 127 124 112 115 122 114 112 531 132 148 153 137 160 
158 195 183 173 187 163 169 200 136 192 157 126 0 139 133 125 125 133 124 133 395 153 168 160 153 170 
154 213 184 176 179 163 167 164 143 167 156 125 139 0 134 122 126 136 127 124 569 141 165 177 156 161 
159 200 180 218 216 150 164 157 139 174 162 130 139 136 0 125 124 134 121 131 614 145 162 161 149 164 
171 200 159 161 192 145 151 162 125 163 139 114 126 128 127 0 122 129 117 117 434 128 155 153 141 157 
144 193 166 167 170 167 162 192 123 155 150 114 125 126 128 113 0 123 119 114 514 129 152 147 141 154 
154 196 163 183 166 167 176 161 138 180 164 125 133 146 130 119 122 0 122 131 427 138 202 162 148 161 
160 203 177 203 157 141 150 151 123 174 176 115 124 122 125 115 113 127 0 115 626 131 154 153 141 172 
158 191 163 184 165 143 158 174 124 148 135 112 124 134 125 114 122 125 117 0 644 125 150 153 136 146 
421 730 478 639 494 631 463 550 350 364 412 463 576 571 341 402 365 507 312 341 0 463 469 387 424 629 
198 241 175 176 174 196 228 170 150 210 180 133 148 145 142 147 134 152 141 138 451 0 180 175 163 177 
147 229 189 216 167 150 160 212 164 164 163 146 185 167 163 151 150 162 153 158 425 163 0 133 123 136 
169 217 168 165 164 169 167 168 164 166 167 154 164 166 173 153 154 189 153 152 651 185 141 0 124 132 
145 201 151 170 152 138 147 157 152 150 144 141 172 151 149 142 140 146 136 134 537 156 123 121 0 123 
172 218 162 169 159 151 178 185 163 169 175 148 178 164 161 149 152 186 149 147 402 196 130 134 120 0 
Node Data :
band_10 :14 :20 :21 :12 :3 :4 :4 :2 :15 :0 :0 :5 :13 :10 :6 :15 :7 :11 :2 :1 :8 :10 :10 :0 :3 :2 
band_150 :7 :14 :7 :10 :4 :5 :6 :4 :6 :6 :4 :6 :6 :6 :4 :7 :7 :4 :6 :7 :6 :8 :8 :6 :5 :6 
band_50 :10 :21 :13 :17 :4 :4 :4 :5 :15 :4 :4 :9 :12 :9 :4 :11 :12 :5 :4 :5 :8 :11 :11 :5 :11 :11 
corecount :0 :0 :0 :0 :0 :0 :0 :0 :0 :0 :0 :0 :0 :0 :0 :0 :0 :0 :0 :0 :0 :0 :0 :0 :0 :0 
cpucount :0 :0 :0 :0 :0 :0 :0 :0 :0 :0 :0 :0 :0 :0 :0 :0 :0 :0 :0 :0 :0 :0 :0 :0 :0 :0 
cpufreqcurrent :3311 :894 :524 :762 :3189 :423 :1896 :0 :679 :2944 :54 :976 :588 :42 :3526 :821 :80 :115 :323 :206 :668 :134 :277 :2119 :73 :3634 
cpufreqmax :0 :0 :0 :0 :0 :0 :0 :0 :0 :0 :0 :0 :0 :0 :0 :0 :0 :0 :0 :0 :0 :0 :0 :0 :0 :0 
cpufreqmin :0 :0 :0 :0 :0 :0 :0 :0 :0 :0 :0 :0 :0 :0 :0 :0 :0 :0 :0 :0 :0 :0 :0 :0 :0 :0 
load_1 :0.251667 :4.69583 :0.448333 :0.371667 :0.106667 :0.499167 :0.209167 :0.27 :0.7075 :0.125 :0.179167 :1.01167 :0.388333 :0.201667 :0.121667 :0.805 :0.335833 :0.134167 :0.416667 :0.329167 :0.66 :0.2025 :0.339167 :0.1125 :0.2025 :0.085 
load_15 :0.215833 :4.46583 :0.174167 :0.175833 :0.143333 :0.534167 :0.158333 :0.263333 :0.130833 :0.1425 :0.1575 :0.788333 :0.156667 :0.173333 :0.0941667 :0.678333 :0.345833 :0.124167 :0.484167 :0.299167 :0.366667 :0.13 :0.21 :0.141667 :0.201667 :0.130833 
load_5 :0.284167 :4.93 :0.2725 :0.2525 :0.154167 :0.558333 :0.2225 :0.245 :0.240833 :0.175833 :0.1625 :0.838333 :0.210833 :0.216667 :0.100833 :0.764167 :0.389167 :0.128333 :0.519167 :0.39 :0.503333 :0.138333 :0.319167 :0.150833 :0.206667 :0.131667 
memory :110592 :110592 :4096 :110592 :0 :110592 :0 :0 :110592 :110592 :110592 :0 :0 :110592 :0 :118784 :0 :8192 :4096 :110592 :110592 :110592 :110592 :0 :110592 :8192 
memory_10 :15243 :8668 :1346 :2433 :1780 :4938 :83 :2348 :15246 :12349 :5802 :1182 :5258 :1650 :5577 :15299 :7400 :72 :161 :15444 :15500 :6797 :1990 :1228 :5118 :0 
memory_150 :15240 :8713 :1239 :2402 :1780 :4914 :127 :2369 :15092 :12343 :5799 :1107 :5246 :1667 :5566 :15298 :7396 :65 :188 :15460 :15482 :6784 :1922 :1222 :5120 :0 
memory_50 :15263 :8698 :1281 :2403 :1780 :4924 :109 :2394 :15147 :12343 :5802 :1153 :5280 :1668 :5573 :15316 :7396 :67 :161 :15464 :15497 :6790 :1922 :1224 :5112 :0 
node :1 :4 :5 :6 :8 :9 :10 :12 :13 :15 :16 :17 :19 :20 :21 :23 :24 :25 :27 :28 :29 :32 :50 :51 :52 :54 
nodeusers :1 :5 :9 :10 :9 :9 :7 :9 :2 :4 :8 :9 :9 :8 :7 :0 :7 :8 :10 :4 :3 :7 :8 :9 :8 :10 
processcount :4 :4 :4 :4 :4 :4 :4 :4 :4 :4 :4 :4 :4 :4 :4 :4 :4 :4 :4 :4 :4 :4 :4 :4 :4 :4 
util_10 :17 :99 :53 :43 :9 :41 :9 :13 :48 :11 :19 :100 :53 :17 :11 :70 :28 :16 :41 :21 :66 :18 :29 :13 :25 :13 
util_150 :21 :99 :23 :28 :7 :55 :20 :20 :13 :22 :13 :78 :16 :18 :6 :70 :40 :5 :54 :42 :42 :8 :34 :7 :17 :8 
util_50 :26 :99 :41 :26 :6 :40 :21 :32 :27 :9 :15 :89 :28 :24 :6 :76 :25 :7 :39 :34 :57 :9 :25 :7 :16 :9 

COMPUTE POWER OF EACH NODE W/o NORM
17.0455 100.455 20.7686 15.6451 4.96899 16.657 6.16107 7.28061 24.32 7.9414 6.9728 29.086 17.9622 9.89228 7.35216 32.0489 14.4522 8.36581 13.2694 13.954 25.5779 11.1155 13.3562 4.08878 9.17969 4.08317 
COMPUTE POWER OF EACH NODE
0.0385645 0.227273 0.0469878 0.0353961 0.0112421 0.0376855 0.0139391 0.016472 0.0550226 0.017967 0.0157756 0.0658055 0.0406385 0.0223807 0.0166339 0.0725088 0.0326973 0.0189272 0.0300213 0.0315702 0.0578685 0.0251482 0.0302176 0.00925064 0.0207685 0.00923794 

Nodes
1 4 5 6 8 9 10 12 13 15 16 17 19 20 21 23 24 25 27 28 29 32 50 51 52 54 
csews1 csews4 csews5 csews6 csews8 csews9 csews10 csews12 csews13 csews15 csews16 csews17 csews19 csews20 csews21 csews23 csews24 csews25 csews27 csews28 csews29 csews32 csews50 csews51 csews52 csews54 
Computation, Network and Total load for each node star:

1 || 0.0385645 || 0 || 0.0077129
4 || 0.227273 || 0 || 0.0454546
5 || 0.0469878 || 0 || 0.00939756
6 || 0.0353961 || 0 || 0.00707923
8 || 0.0112421 || 0 || 0.00224841
9 || 0.0376855 || 0 || 0.00753711
10 || 0.0139391 || 0 || 0.00278782
12 || 0.016472 || 0 || 0.00329439
13 || 0.0550226 || 0 || 0.0110045
15 || 0.017967 || 0 || 0.00359339
16 || 0.0157756 || 0 || 0.00315511
17 || 0.0658055 || 0 || 0.0131611
19 || 0.0406385 || 0 || 0.0081277
20 || 0.0223807 || 0 || 0.00447614
21 || 0.0166339 || 0 || 0.00332677
23 || 0.0725088 || 0 || 0.0145018
24 || 0.0326973 || 0 || 0.00653946
25 || 0.0189272 || 0 || 0.00378543
27 || 0.0300213 || 0 || 0.00600426
28 || 0.0315702 || 0 || 0.00631405
29 || 0.0578685 || 0 || 0.0115737
32 || 0.0251482 || 0 || 0.00502964
50 || 0.0302176 || 0 || 0.00604352
51 || 0.00925064 || 0 || 0.00185013
52 || 0.0207685 || 0 || 0.00415371
54 || 0.00923794 || 0 || 0.00184759
Min Load:0.00184759 54
54 4

NODES ALLOCATION WITH MAX COMPUTE
csews54



======================================================================
