
======================================================================
proc count : 32 BINARY : /users/btech/akashish/UGP/allocator/miniMD -s 16 -n 500
======================================================================
======================================================================
csews1 csews3 csews4 csews5 csews6 csews8 csews9 csews10 csews12 csews13 csews15 csews16 csews17 csews19 csews20 csews21 csews23 csews24 csews25 csews27 csews28 csews29 csews32 csews50 csews51 csews52 csews54 
Number of hosts: 27
28csews1 27csews3 28csews4 28csews5 28csews6 28csews8 28csews9 28csews10 27csews12 28csews13 28csews15 28csews16 28csews17 28csews19 28csews20 28csews21 28csews23 28csews24 28csews25 28csews27 28csews28 27csews29 28csews32 28csews50 28csews51 28csews52 28csews54 done
Process and Cpu Count
 5,12 8,12 10,12 6,12 4,12 5,12 10,12 4,12 9,12 3,12 5,12 5,12 7,12 4,12 8,12 5,12 12,12 3,12 7,12 3,12 6,12 12,12 6,12 8,12 9,12 6,12 9,12 
Bandwidth Data :
csews1   0 7 50 17 15 10 22 10 23 68 11 16 87 69 56 67 44 66 43 40 30 103 70 41 36 40 38 
csews3   7 0 30 30 11 10 10 8 25 44 8 15 74 75 62 67 42 68 46 48 30 94 63 35 51 34 31 
csews4   50 30 0 29 24 14 12 25 21 32 10 9 83 80 71 69 45 42 53 69 29 99 73 61 67 57 52 
csews5   17 30 29 0 29 11 18 14 13 51 7 7 68 70 61 68 53 62 49 57 35 98 55 37 52 47 39 
csews6   15 11 24 29 0 15 15 9 9 55 21 31 79 75 65 66 48 62 55 48 38 100 59 41 55 47 51 
csews8   10 10 14 11 15 0 23 18 6 56 9 12 66 81 64 78 57 58 50 59 27 100 61 33 60 40 53 
csews9   22 10 12 18 15 23 0 11 5 50 9 6 75 75 37 75 40 53 52 62 55 103 57 22 55 34 56 
csews10   10 8 25 14 9 18 11 0 5 44 22 17 78 66 68 75 53 45 49 66 43 104 61 37 55 46 52 
csews12   23 25 21 13 9 6 5 5 0 32 6 9 59 71 64 80 52 39 50 51 43 104 71 41 60 54 53 
csews13   68 44 32 51 55 56 50 44 32 0 43 50 31 11 10 12 8 12 12 10 43 103 10 52 69 58 54 
csews15   11 8 10 7 21 9 9 22 6 43 0 10 65 65 66 76 54 47 57 71 39 102 45 50 65 44 54 
csews16   16 15 9 7 31 12 6 17 9 50 10 0 76 44 78 77 57 43 57 59 61 102 60 59 59 49 57 
csews17   87 74 83 68 79 66 75 78 59 31 65 76 0 27 24 28 36 28 24 25 36 102 17 59 64 47 58 
csews19   69 75 80 70 75 81 75 66 71 11 65 44 27 0 13 15 29 8 7 8 11 103 10 48 72 67 38 
csews20   56 62 71 61 65 64 37 68 64 10 66 78 24 13 0 11 14 18 18 8 8 102 10 49 69 61 47 
csews21   67 67 69 68 66 78 75 75 80 12 76 77 28 15 11 0 8 9 13 7 10 100 36 45 69 55 39 
csews23   44 42 45 53 48 57 40 53 52 8 54 57 36 29 14 8 0 21 22 6 10 101 24 43 77 52 40 
csews24   66 68 42 62 62 58 53 45 39 12 47 43 28 8 18 9 21 0 31 17 8 100 31 60 70 46 51 
csews25   43 46 53 49 55 50 52 49 50 12 57 57 24 7 18 13 22 31 0 8 9 101 12 21 64 39 45 
csews27   40 48 69 57 48 59 62 66 51 10 71 59 25 8 8 7 6 17 8 0 14 101 11 64 59 43 36 
csews28   30 30 29 35 38 27 55 43 43 43 39 61 36 11 8 10 10 8 9 14 0 102 15 44 58 29 29 
csews29   103 94 99 98 100 100 103 104 104 103 102 102 102 103 102 100 101 100 101 101 102 0 103 95 98 100 100 
csews32   70 63 73 55 59 61 57 61 71 10 45 60 17 10 10 36 24 31 12 11 15 103 0 47 72 36 38 
csews50   41 35 61 37 41 33 22 37 41 52 50 59 59 48 49 45 43 60 21 64 44 95 47 0 5 24 13 
csews51   36 51 67 52 55 60 55 55 60 69 65 59 64 72 69 69 77 70 64 59 58 98 72 5 0 13 9 
csews52   40 34 57 47 47 40 34 46 54 58 44 49 47 67 61 55 52 46 39 43 29 100 36 24 13 0 10 
csews54   38 31 52 39 51 53 56 52 53 54 54 57 58 38 47 39 40 51 45 36 29 100 38 13 9 10 0 
Latency Data :
0 285 275 160 215 187 237 169 179 2493 165 198 2324 1994 1566 2177 2071 2004 2503 3029 2027 6380 2732 891 737 643 867 
285 0 213 111 122 153 200 186 137 1674 119 140 1161 1783 1513 1775 2120 1385 2011 1424 1351 5493 1007 716 556 412 1013 
275 213 0 315 247 360 497 276 168 3157 265 350 3502 2380 3363 2879 3007 2621 2613 2402 2172 8868 2422 1175 1513 607 777 
160 111 315 0 270 193 227 256 132 2553 162 179 1921 2444 1788 1933 1667 1435 1959 1486 2372 6708 1622 699 1146 743 748 
215 122 247 270 0 244 382 302 143 2128 183 161 2403 1708 1923 2338 2046 3033 2326 1489 1670 6893 2589 818 804 700 539 
187 153 360 193 244 0 239 174 160 2088 185 193 1890 1722 2560 1026 1948 2673 2875 1677 2462 8722 1617 727 428 548 560 
237 200 497 227 382 239 0 323 142 1414 197 225 2322 2077 1912 1900 3009 1623 1281 2164 2831 7097 2415 946 463 606 813 
169 186 276 256 302 174 323 0 126 917 201 169 2334 1641 1461 1779 2466 2373 2013 1978 2147 6924 2178 489 804 950 932 
179 137 168 132 143 160 142 126 0 2039 186 165 1955 1616 1747 1884 2900 1172 2018 1603 1903 7686 1011 937 675 627 855 
2493 1674 3157 2553 2128 2088 1414 917 2039 0 1488 1853 365 265 230 183 340 206 233 270 227 3656 274 637 852 1164 733 
165 119 265 162 183 185 197 201 186 1488 0 177 1584 1513 1632 1827 2242 1598 2109 1560 1614 7255 2143 1286 1080 1030 1204 
198 140 350 179 161 193 225 169 165 1853 177 0 2349 2046 1547 1164 2078 1331 1172 1487 941 6877 1166 565 1166 1173 517 
2324 1161 3502 1921 2403 1890 2322 2334 1955 365 1584 2349 0 386 341 258 395 243 292 437 277 4257 339 1679 1227 1073 1152 
1994 1783 2380 2444 1708 1722 2077 1641 1616 265 1513 2046 386 0 172 204 213 176 164 224 169 2597 183 718 916 1221 830 
1566 1513 3363 1788 1923 2560 1912 1461 1747 230 1632 1547 341 172 0 263 172 222 164 207 197 2823 186 465 584 872 813 
2177 1775 2879 1933 2338 1026 1900 1779 1884 183 1827 1164 258 204 263 0 195 230 148 162 218 3207 209 795 1228 841 1110 
2071 2120 3007 1667 2046 1948 3009 2466 2900 340 2242 2078 395 213 172 195 0 214 242 351 316 3274 234 1509 808 1726 1170 
2004 1385 2621 1435 3033 2673 1623 2373 1172 206 1598 1331 243 176 222 230 214 0 237 259 181 2759 295 900 1262 938 825 
2503 2011 2613 1959 2326 2875 1281 2013 2018 233 2109 1172 292 164 164 148 242 237 0 223 175 2556 191 772 1091 912 1033 
3029 1424 2402 1486 1489 1677 2164 1978 1603 270 1560 1487 437 224 207 162 351 259 223 0 200 2534 216 1165 1053 1017 1328 
2027 1351 2172 2372 1670 2462 2831 2147 1903 227 1614 941 277 169 197 218 316 181 175 200 0 3240 179 1231 1509 826 1015 
6380 5493 8868 6708 6893 8722 7097 6924 7686 3656 7255 6877 4257 2597 2823 3207 3274 2759 2556 2534 3240 0 4767 6993 6781 6931 6531 
2732 1007 2422 1622 2589 1617 2415 2178 1011 274 2143 1166 339 183 186 209 234 295 191 216 179 4767 0 1192 722 696 492 
891 716 1175 699 818 727 946 489 937 637 1286 565 1679 718 465 795 1509 900 772 1165 1231 6993 1192 0 159 187 259 
737 556 1513 1146 804 428 463 804 675 852 1080 1166 1227 916 584 1228 808 1262 1091 1053 1509 6781 722 159 0 158 212 
643 412 607 743 700 548 606 950 627 1164 1030 1173 1073 1221 872 841 1726 938 912 1017 826 6931 696 187 158 0 160 
867 1013 777 748 539 560 813 932 855 733 1204 517 1152 830 813 1110 1170 825 1033 1328 1015 6531 492 259 212 160 0 
Topology Data :
0 0 162 132 136 129 117 129 129 163 125 118 146 157 173 156 164 146 156 139 189 554 201 152 155 145 155 
157 0 155 134 0 143 140 136 0 175 128 142 137 161 175 159 162 0 169 151 135 299 179 161 0 152 161 
175 193 0 191 194 177 172 180 179 226 192 175 223 259 242 233 218 231 216 214 218 541 238 225 213 211 206 
131 139 183 0 137 132 131 137 130 167 132 124 165 169 162 188 153 162 163 197 153 367 189 161 160 161 159 
123 128 167 138 0 140 132 132 141 235 145 130 176 162 178 164 182 168 171 156 155 679 182 169 196 172 181 
131 149 163 134 140 0 129 135 141 184 134 125 153 158 184 163 150 150 164 164 164 521 166 174 168 154 162 
116 127 149 131 131 124 0 122 123 168 125 114 159 154 169 151 167 194 151 153 152 471 160 151 154 152 157 
132 137 191 136 163 141 123 0 135 166 135 129 164 179 183 189 162 150 185 188 149 373 167 180 159 150 184 
0 0 0 0 0 0 0 0 0 0 0 0 0 0 0 0 0 0 0 0 0 0 0 0 0 0 0 
174 163 226 179 173 166 155 158 239 0 157 166 118 132 143 134 120 120 134 121 121 420 141 160 177 157 161 
129 138 164 136 140 144 129 142 140 201 0 131 168 166 171 166 168 158 181 162 169 435 185 162 166 185 161 
122 124 161 131 139 122 113 121 132 184 123 0 153 150 149 153 154 149 163 141 145 620 176 153 147 138 155 
145 149 259 177 169 169 154 155 158 125 152 147 0 124 127 124 112 115 122 114 112 531 132 148 153 137 160 
158 165 195 183 173 187 163 169 200 136 192 157 126 0 139 133 125 125 133 124 133 395 153 168 160 153 170 
154 163 213 184 176 179 163 167 164 143 167 156 125 139 0 134 122 126 136 127 124 569 141 165 177 156 161 
159 165 200 180 218 216 150 164 157 139 174 162 130 139 136 0 125 124 134 121 131 614 145 162 161 149 164 
171 151 200 159 161 192 145 151 162 125 163 139 114 126 128 127 0 122 129 117 117 434 128 155 153 141 157 
144 378 193 166 167 170 167 162 192 123 155 150 114 125 126 128 113 0 123 119 114 514 129 152 147 141 154 
154 154 196 163 183 166 167 176 161 138 180 164 125 133 146 130 119 122 0 122 131 427 138 202 162 148 161 
160 152 203 177 203 157 141 150 151 123 174 176 115 124 122 125 115 113 127 0 115 626 131 154 153 141 172 
158 150 191 163 184 165 143 158 174 124 148 135 112 124 134 125 114 122 125 117 0 644 125 150 153 136 146 
421 338 730 478 639 494 631 463 550 350 364 412 463 576 571 341 402 365 507 312 341 0 463 469 387 424 629 
198 148 241 175 176 174 196 228 170 150 210 180 133 148 145 142 147 134 152 141 138 451 0 180 175 163 177 
147 178 229 189 216 167 150 160 212 164 164 163 146 185 167 163 151 150 162 153 158 425 163 0 133 123 136 
169 187 217 168 165 164 169 167 168 164 166 167 154 164 166 173 153 154 189 153 152 651 185 141 0 124 132 
145 226 201 151 170 152 138 147 157 152 150 144 141 172 151 149 142 140 146 136 134 537 156 123 121 0 123 
172 153 218 162 169 159 151 178 185 163 169 175 148 178 164 161 149 152 186 149 147 402 196 130 134 120 0 
Node Data :
band_10 :2 :5 :0 :3 :18 :3 :4 :12 :2 :9 :4 :7 :11 :7 :9 :10 :6 :3 :13 :7 :2 :9 :5 :1 :2 :15 :2 
band_150 :10 :6 :12 :10 :12 :11 :9 :12 :4 :13 :7 :8 :10 :9 :6 :7 :7 :12 :8 :11 :9 :7 :11 :7 :5 :9 :8 
band_50 :9 :4 :17 :13 :16 :12 :15 :16 :5 :19 :10 :9 :11 :7 :3 :8 :4 :6 :3 :10 :13 :9 :3 :10 :2 :8 :3 
corecount :0 :0 :0 :0 :0 :0 :0 :0 :0 :0 :0 :0 :0 :0 :0 :0 :0 :0 :0 :0 :0 :0 :0 :0 :0 :0 :0 
cpucount :0 :0 :0 :0 :0 :0 :0 :0 :0 :0 :0 :0 :0 :0 :0 :0 :0 :0 :0 :0 :0 :0 :0 :0 :0 :0 :0 
cpufreqcurrent :350 :993 :902 :3534 :879 :3171 :890 :79 :0 :804 :139 :946 :986 :175 :948 :689 :747 :135 :940 :454 :182 :889 :888 :1742 :164 :865 :614 
cpufreqmax :0 :0 :0 :0 :0 :0 :0 :0 :0 :0 :0 :0 :0 :0 :0 :0 :0 :0 :0 :0 :0 :0 :0 :0 :0 :0 :0 
cpufreqmin :0 :0 :0 :0 :0 :0 :0 :0 :0 :0 :0 :0 :0 :0 :0 :0 :0 :0 :0 :0 :0 :0 :0 :0 :0 :0 :0 
load_1 :0.636667 :1.4775 :5.17333 :0.524167 :0.800833 :0.659167 :1.41667 :0.704167 :0.27 :0.884167 :0.669167 :0.6175 :1.51583 :0.695 :0.288333 :0.725 :0.979167 :0.695833 :0.271667 :0.580833 :0.4125 :1.125 :0.444167 :0.241667 :0.140833 :0.490833 :0.168333 
load_15 :0.699167 :1.115 :5.15583 :0.626667 :0.656667 :0.625833 :1.08 :0.675 :0.263333 :0.676667 :0.661667 :0.633333 :1.37417 :0.699167 :0.570833 :0.594167 :1.17667 :0.866667 :0.661667 :1.015 :0.745 :0.948333 :0.638333 :0.565 :0.525 :0.675 :0.590833 
load_5 :0.679167 :1.23917 :5.195 :0.573333 :0.684167 :0.6625 :1.08 :0.7125 :0.245 :0.785 :0.559167 :0.551667 :1.43333 :0.7025 :0.384167 :0.575 :1.10083 :0.868333 :0.530833 :0.920833 :0.623333 :0.944167 :0.549167 :0.430833 :0.3525 :0.593333 :0.425833 
memory :110592 :110592 :110592 :4096 :110592 :0 :110592 :0 :0 :110592 :110592 :110592 :0 :0 :110592 :0 :118784 :0 :8192 :4096 :110592 :110592 :110592 :110592 :0 :110592 :8192 
memory_10 :15387 :14727 :8919 :1261 :2478 :1886 :8208 :137 :2308 :15378 :12994 :6124 :2056 :5255 :1268 :5945 :14549 :6988 :99 :126 :15258 :15423 :6885 :2041 :1344 :5456 :0 
memory_150 :15365 :14667 :8901 :1247 :2436 :1884 :8015 :112 :2296 :15344 :12868 :5988 :1963 :5243 :1199 :5872 :14562 :7028 :74 :187 :15241 :15331 :6861 :2051 :1321 :5426 :0 
memory_50 :15424 :14745 :9073 :1312 :2524 :1940 :8194 :171 :2366 :15395 :12952 :6041 :2037 :5283 :1235 :5970 :14616 :7068 :74 :179 :15307 :15454 :6891 :2079 :1351 :5447 :0 
node :1 :3 :4 :5 :6 :8 :9 :10 :12 :13 :15 :16 :17 :19 :20 :21 :23 :24 :25 :27 :28 :29 :32 :50 :51 :52 :54 
nodeusers :2 :5 :5 :9 :10 :9 :9 :7 :9 :2 :2 :8 :8 :9 :9 :7 :0 :7 :8 :10 :3 :3 :7 :8 :9 :8 :10 
processcount :4 :4 :4 :4 :4 :4 :4 :4 :4 :4 :4 :4 :4 :4 :4 :4 :4 :4 :4 :4 :4 :4 :4 :4 :4 :4 :4 
util_10 :50 :100 :99 :40 :67 :42 :96 :68 :13 :71 :82 :93 :100 :71 :48 :66 :72 :34 :46 :44 :29 :86 :43 :12 :15 :50 :19 
util_150 :60 :93 :99 :48 :62 :54 :67 :61 :20 :68 :34 :41 :99 :62 :28 :48 :86 :82 :46 :82 :48 :59 :50 :37 :24 :50 :38 
util_50 :66 :99 :99 :56 :80 :59 :93 :71 :32 :69 :50 :44 :99 :66 :19 :70 :88 :73 :19 :61 :48 :88 :39 :27 :13 :35 :12 

COMPUTE POWER OF EACH NODE W/o NORM
15.4104 26.6963 58.3517 9.74206 20.9355 11.1329 22.8791 17.0989 4.99266 21.8516 17.4311 17.1837 26.6511 16.4509 11.142 17.2958 22.1519 13.2999 13.1293 13.4336 12.5839 24.7919 12.1645 5.08827 4.7088 17.3666 5.03551 
COMPUTE POWER OF EACH NODE
0.0335738 0.0581619 0.127128 0.0212245 0.045611 0.0242548 0.0498456 0.0372526 0.0108773 0.0476071 0.0379763 0.0374371 0.0580633 0.0358408 0.0242746 0.0376816 0.0482612 0.0289758 0.0286041 0.029267 0.0274158 0.0540128 0.0265022 0.0110856 0.0102588 0.0378358 0.0109706 

Nodes
1 3 4 5 6 8 9 10 12 13 15 16 17 19 20 21 23 24 25 27 28 29 32 50 51 52 54 
csews1 csews3 csews4 csews5 csews6 csews8 csews9 csews10 csews12 csews13 csews15 csews16 csews17 csews19 csews20 csews21 csews23 csews24 csews25 csews27 csews28 csews29 csews32 csews50 csews51 csews52 csews54 
Computation, Network and Total load for each node star:

1 || 0.0391368 || 0.0280689 || 0.0302825
3 || 0.0429275 || 0.0276721 || 0.0307232
4 || 0.0490558 || 0.0286981 || 0.0327697
5 || 0.033435 || 0.0253148 || 0.0269388
6 || 0.0394098 || 0.0259383 || 0.0286326
8 || 0.0356435 || 0.0272365 || 0.0289179
9 || 0.0535466 || 0.028661 || 0.0336382
10 || 0.038937 || 0.0288065 || 0.0308326
12 || 0.0350293 || 0.026883 || 0.0285123
13 || 0.0368744 || 0.0288003 || 0.0304151
15 || 0.0362043 || 0.0253855 || 0.0275493
16 || 0.0485952 || 0.0273768 || 0.0316205
17 || 0.0356558 || 0.0337794 || 0.0341547
19 || 0.0329112 || 0.02803 || 0.0290062
20 || 0.0366678 || 0.0284102 || 0.0300617
21 || 0.0360369 || 0.0281524 || 0.0297293
23 || 0.0360369 || 0.0281524 || 0.0297293
24 || 0.0369954 || 0.0271976 || 0.0291572
25 || 0.0340643 || 0.0266694 || 0.0281483
27 || 0.0368251 || 0.0272181 || 0.0291395
28 || 0.0344785 || 0.0268264 || 0.0283568
29 || 0.0380012 || 0.0844481 || 0.0751587
32 || 0.0367637 || 0.0322808 || 0.0331774
50 || 0.027828 || 0.0786262 || 0.0684665
51 || 0.0312556 || 0.0606243 || 0.0547505
52 || 0.0307376 || 0.0807524 || 0.0707494
54 || 0.0269469 || 0.0799904 || 0.0693817
Min Load:0.0269388 5
5 4
15 4
16 4
8 4
12 4
10 4
1 4
9 4

NODES ALLOCATION WITH MAX COMPUTE
csews51
csews12
csews54
csews50
csews5
csews8
csews20
csews32





----------------------------------------------------------- ------------------------------------------------------------------------------------------------------------
-------------------------------------------------    running :: process count = 32 problem size = 16 iteration = 2   --------------------------------------------------
/users/btech/akashish/UGP/allocator/miniMD -s 16 -n 500

Selected hosts are
csews5:4
csews15:4
csews16:4
csews8:4
csews12:4
csews10:4
csews1:4
csews9:4
MPI PROGRAM :: Total Time : 4432

Selected hosts are
csews51
csews12
csews54
csews50
csews5
csews8
csews20
csews32
MPI PROGRAM MAX COMPUTE :: Total Time : 12316

Randomly Selected hosts are
csews1
csews19
csews32
csews23
csews15
csews4
csews6
csews28
MPI PROGRAM RANDOM :: Total Time : 27613

Random sequence Selected hosts are
csews4
csews5
csews6
csews8
csews9
csews10
csews12
csews13
MPI PROGRAM Sequence  :: Total Time : 24912