

======================================================================
csews3 csews4 csews5 csews6 csews7 csews9 csews10 csews11 csews12 csews13 csews14 csews15 csews17 csews18 csews19 csews22 csews24 csews27 csews28 csews29 csews32 
Number of hosts: 21
Read Node Data
Read latency Data
Read bw Data
Read Topology Data
done
Process and Cpu Count
 11,12 9,12 11,12 9,12 11,12 10,12 11,12 10,12 11,12 11,12 11,12 11,12 5,12 12,12 11,12 11,12 11,12 12,12 11,12 2,12 11,12 
MAX BW : 117Bandwidth Data :
csews3   0 11 11 11 10 11 15 24 34 100 47 45 85 68 100 83 85 68 57 106 15 
csews4   11 0 11 11 11 10 33 14 19 89 32 43 100 89 95 98 73 83 60 107 17 
csews5   11 11 0 12 12 11 34 36 13 76 34 35 102 98 93 79 91 79 82 106 68 
csews6   11 11 12 0 13 12 12 30 34 23 21 29 95 98 94 100 89 90 88 107 22 
csews7   10 11 12 13 0 11 11 11 11 66 17 22 87 97 95 104 103 87 95 107 15 
csews9   11 10 11 12 11 0 39 12 11 90 10 12 75 98 89 101 101 97 87 111 86 
csews10   15 33 34 12 11 39 0 30 38 35 11 10 85 83 83 102 99 106 104 108 101 
csews11   24 14 36 30 11 12 30 0 42 88 36 11 70 85 81 94 96 98 104 109 100 
csews12   34 19 13 34 11 11 38 42 0 30 10 34 79 72 86 94 69 95 96 108 104 
csews13   100 89 76 23 66 90 35 88 30 0 95 63 10 11 12 32 17 10 11 106 10 
csews14   47 32 34 21 17 10 11 36 10 95 0 26 85 71 78 70 48 84 49 107 54 
csews15   45 43 35 29 22 12 10 11 34 63 26 0 57 88 72 83 92 64 69 106 23 
csews17   85 100 102 95 87 75 85 70 79 10 85 57 0 11 11 13 11 12 13 106 11 
csews18   68 89 98 98 97 98 83 85 72 11 71 88 11 0 11 92 11 11 17 106 11 
csews19   100 95 93 94 95 89 83 81 86 12 78 72 11 11 0 12 17 12 11 106 12 
csews22   83 98 79 100 104 101 102 94 94 32 70 83 13 92 12 0 67 90 17 106 17 
csews24   85 73 91 89 103 101 99 96 69 17 48 92 11 11 17 67 0 11 10 106 12 
csews27   68 83 79 90 87 97 106 98 95 10 84 64 12 11 12 90 11 0 14 106 11 
csews28   57 60 82 88 95 87 104 104 96 11 49 69 13 17 11 17 10 14 0 106 12 
csews29   106 107 106 107 107 111 108 109 108 106 107 106 106 106 106 106 106 106 106 0 106 
csews32   15 17 68 22 15 86 101 100 104 10 54 23 11 11 12 17 12 11 12 106 0 
Latency Data :
0 117 113 115 113 117 112 113 112 134 113 115 138 136 134 135 133 134 135 362 134 
117 0 113 113 115 115 112 112 113 136 113 114 139 136 135 135 134 133 134 300 135 
113 113 0 132 113 118 112 112 113 133 112 113 138 136 135 135 134 134 133 469 136 
115 113 132 0 113 114 113 112 114 135 112 113 139 135 137 137 135 135 137 484 135 
113 115 113 113 0 133 112 112 112 136 112 112 143 135 135 136 135 135 135 279 132 
117 115 118 114 133 0 112 112 113 136 113 113 139 136 135 135 136 136 142 274 136 
112 112 112 113 112 112 0 112 111 137 112 112 140 136 138 134 133 134 134 325 137 
113 112 112 112 112 112 112 0 113 136 111 112 142 137 137 136 134 134 135 265 138 
112 113 113 114 112 113 111 113 0 137 119 112 141 137 135 136 136 135 135 282 136 
134 136 133 135 136 136 137 136 137 0 136 136 116 112 112 135 113 112 113 263 113 
113 113 112 112 112 113 112 111 119 136 0 113 143 135 136 136 135 135 136 283 135 
115 114 113 113 112 113 112 112 112 136 113 0 141 136 136 136 136 135 136 467 136 
138 139 138 139 143 139 140 142 141 116 143 141 0 117 117 142 115 114 114 280 115 
136 136 136 135 135 136 136 137 137 112 135 136 117 0 114 137 113 113 112 266 112 
134 135 135 137 135 135 138 137 135 112 136 136 117 114 0 137 112 112 113 263 112 
135 135 135 137 136 135 134 136 136 135 136 136 142 137 137 0 134 136 136 287 136 
133 134 134 135 135 136 133 134 136 113 135 136 115 113 112 134 0 112 112 261 112 
134 133 134 135 135 136 134 134 135 112 135 135 114 113 112 136 112 0 114 262 112 
135 134 133 137 135 142 134 135 135 113 136 136 114 112 113 136 112 114 0 264 114 
362 300 469 484 279 274 325 265 282 263 283 467 280 266 263 287 261 262 264 0 264 
134 135 136 135 132 136 137 138 136 113 135 136 115 112 112 136 112 112 114 264 0 
Topology Data :
0 155 134 0 0 140 136 0 0 175 0 128 137 0 161 154 0 151 135 299 179 
193 0 191 194 0 172 180 0 179 226 0 192 223 0 259 259 231 214 218 541 238 
139 183 0 137 0 131 137 0 130 167 0 132 165 0 169 161 162 197 153 367 189 
128 167 138 0 0 132 132 0 141 235 0 145 176 0 162 192 168 156 155 679 182 
0 0 0 0 0 0 0 0 0 0 0 0 0 0 0 0 0 0 0 0 0 
127 149 131 131 0 0 122 0 123 168 0 125 159 0 154 152 194 153 152 471 160 
137 191 136 163 0 123 0 0 135 166 0 135 164 0 179 160 150 188 149 373 167 
0 0 0 0 0 0 0 0 0 0 0 0 0 0 0 0 0 0 0 0 0 
0 0 0 0 0 0 0 0 0 0 0 0 0 0 0 0 0 0 0 0 0 
163 226 179 173 0 155 158 0 239 0 0 157 118 0 132 169 120 121 121 420 141 
0 0 0 0 0 0 0 0 0 0 0 0 0 0 0 0 0 0 0 0 0 
138 164 136 140 0 129 142 0 140 201 0 0 168 0 166 168 158 162 169 435 185 
149 259 177 169 0 154 155 0 158 125 0 152 0 0 124 153 115 114 112 531 132 
0 0 0 0 0 0 0 0 0 0 0 0 0 0 0 0 0 0 0 0 0 
165 195 183 173 0 163 169 0 200 136 0 192 126 0 0 177 125 124 133 395 153 
162 213 178 171 0 154 170 0 178 182 0 164 157 0 168 0 153 153 164 381 172 
378 193 166 167 0 167 162 0 192 123 0 155 114 0 125 153 0 119 114 514 129 
152 203 177 203 0 141 150 0 151 123 0 174 115 0 124 152 113 0 115 626 131 
150 191 163 184 0 143 158 0 174 124 0 148 112 0 124 151 122 117 0 644 125 
338 730 478 639 0 631 463 0 550 350 0 364 463 0 576 564 365 312 341 0 463 
148 241 175 176 0 196 228 0 170 150 0 210 133 0 148 176 134 141 138 451 0 
Node Data :
band_10 :4 :4 :4 :4 :4 :4 :4 :4 :4 :4 :4 :4 :4 :0 :4 :5 :4 :4 :5 :4 :4 
band_150 :3 :1 :3 :1 :3 :2 :3 :3 :3 :2 :3 :2 :2 :1 :2 :1 :2 :2 :2 :1 :2 
band_50 :9 :1 :9 :1 :9 :5 :9 :9 :9 :3 :9 :5 :3 :1 :3 :1 :3 :3 :3 :1 :3 
corecount :0 :0 :0 :0 :0 :0 :0 :0 :0 :0 :0 :0 :0 :0 :0 :0 :0 :0 :0 :0 :0 
cpucount :0 :0 :0 :0 :0 :0 :0 :0 :0 :0 :0 :0 :0 :0 :0 :0 :0 :0 :0 :0 :0 
cpufreqcurrent :12 :291 :49 :320 :4 :302 :37 :5 :4 :21 :6 :55 :785 :3557 :4 :31 :0 :21 :18 :813 :11 
cpufreqmax :0 :0 :0 :0 :0 :0 :0 :0 :0 :0 :0 :0 :0 :0 :0 :0 :0 :0 :0 :0 :0 
cpufreqmin :0 :0 :0 :0 :0 :0 :0 :0 :0 :0 :0 :0 :0 :0 :0 :0 :0 :0 :0 :0 :0 
load_1 :0.0975 :0.29 :0.109167 :0.26 :0.111667 :0.235 :0.136667 :0.276667 :0.134167 :0.0958333 :0.135833 :0.153333 :0.588333 :0.0308333 :0.111667 :0.0941667 :0.104167 :0.0825 :0.0983333 :8.8625 :0.09 
load_15 :0.143333 :0.318333 :0.146667 :0.314167 :0.159167 :0.2825 :0.154167 :0.184167 :0.1675 :0.139167 :0.153333 :0.17 :0.6 :0.0475 :0.135833 :0.0825 :0.095 :0.0925 :0.106667 :8.77417 :0.144167 
load_5 :0.1 :0.271667 :0.1125 :0.260833 :0.121667 :0.240833 :0.121667 :0.204167 :0.125833 :0.0916667 :0.1225 :0.129167 :0.5825 :0.0475 :0.101667 :0.09 :0.0883333 :0.0758333 :0.0933333 :8.90667 :0.0983333 
memory :49152 :40960 :45056 :40960 :40960 :0 :40960 :0 :40960 :40960 :0 :0 :49152 :0 :0 :0 :40960 :36864 :8192 :40960 :8192 
memory_10 :1735 :9507 :2785 :4940 :2103 :2512 :83 :33 :16 :1820 :832 :6204 :13956 :0 :104 :787 :173 :1272 :1709 :13832 :53 
memory_150 :1718 :9490 :2775 :4931 :2093 :2504 :78 :28 :12 :1811 :826 :6177 :13940 :0 :89 :316 :166 :1263 :1697 :13809 :49 
memory_50 :1728 :9500 :2784 :4934 :2101 :2508 :85 :36 :19 :1814 :832 :6187 :13948 :0 :96 :716 :170 :1265 :1703 :13821 :50 
node :3 :4 :5 :6 :7 :9 :10 :11 :12 :13 :14 :15 :17 :18 :19 :22 :24 :27 :28 :29 :32 
nodeusers :8 :4 :1 :4 :9 :5 :9 :10 :10 :8 :9 :6 :4 :10 :8 :7 :10 :9 :9 :0 :10 
processcount :4 :4 :4 :4 :4 :4 :4 :4 :4 :4 :4 :4 :4 :4 :4 :4 :4 :4 :4 :4 :4 
util_10 :5 :23 :5 :22 :6 :20 :5 :5 :5 :5 :5 :6 :56 :0 :5 :6 :5 :5 :5 :99 :5 
util_150 :7 :23 :7 :23 :7 :21 :7 :7 :7 :6 :7 :7 :57 :3 :6 :6 :6 :6 :6 :99 :6 
util_50 :9 :23 :9 :22 :9 :21 :10 :10 :10 :6 :10 :8 :57 :3 :7 :6 :7 :6 :7 :99 :6 

Compute Load
0::6.99084  1::19.6685  2::7.84362  3::16.1265  4::7.7627  5::13.6669  6::6.33816  7::7.85575  8::6.30634  9::6.97625  10::6.82626  11::10.7768  12::36.1191  13::0.546949  14::6.03811  15::7.33006  16::5.93756  17::6.41564  18::7.70125  19::163.942  20::5.83108  
Normalised Compute Load
0::0.0195822  1::0.0550939  2::0.0219709  3::0.0451723  4::0.0217443  5::0.0382827  6::0.0177539  7::0.0220049  8::0.0176648  9::0.0195413  10::0.0191212  11::0.0301871  12::0.101174  13::0.00153207  14::0.0169135  15::0.0205324  16::0.0166318  17::0.017971  18::0.0215721  19::0.45922  20::0.0163336  
Normalised Network Load :
0 :: 0 0.0207375 0.0202955 0.0205165 0.0195856 0.0207375 0.0230248 0.0295247 0.0365136 0.0858005 0.0458533 0.0446544 0.0755934 0.0633035 0.0858005 0.0738421 0.075041 0.0630825 0.0553837 0.115254 0.0254557 
0 :: 0 0.0111562 0.0111562 0.0111562 0.010142 0.0111562 0.015213 0.0243408 0.0344828 0.10142 0.0476673 0.0456389 0.0862069 0.0689655 0.10142 0.0841785 0.0862069 0.0689655 0.0578093 0.107505 0.015213 
0 :: 0 0.0430939 0.0416206 0.0423573 0.0416206 0.0430939 0.0412523 0.0416206 0.0412523 0.0493554 0.0416206 0.0423573 0.0508287 0.0500921 0.0493554 0.0497238 0.0489871 0.0493554 0.0497238 0.133333 0.0493554 
1 :: 0.0208794 0 0.0204272 0.0204272 0.0206533 0.0199575 0.0356224 0.0224017 0.0259938 0.0773015 0.0350396 0.0428067 0.0852946 0.0773015 0.0813634 0.0834508 0.0659422 0.0727874 0.0568965 0.108364 0.027089 
1 :: 0.0109344 0 0.0109344 0.0109344 0.0109344 0.00994036 0.0328032 0.0139165 0.0188867 0.0884692 0.0318091 0.0427435 0.0994036 0.0884692 0.0944334 0.0974155 0.0725646 0.082505 0.0596421 0.106362 0.0168986 
1 :: 0.0440844 0 0.0425772 0.0425772 0.0433308 0.0433308 0.0422005 0.0422005 0.0425772 0.0512434 0.0425772 0.042954 0.0523738 0.0512434 0.0508666 0.0508666 0.0504898 0.050113 0.0504898 0.113037 0.0508666 
2 :: 0.0190718 0.0190718 0 0.0217294 0.0197181 0.0196011 0.033832 0.0351247 0.0203645 0.0632018 0.033832 0.0345842 0.0805363 0.0777392 0.0744016 0.0653526 0.073003 0.0652468 0.06708 0.118161 0.0583486 
2 :: 0.010157 0.010157 0 0.0110803 0.0110803 0.010157 0.0313943 0.033241 0.0120037 0.0701754 0.0313943 0.0323176 0.0941828 0.0904894 0.0858726 0.0729455 0.0840259 0.0729455 0.0757156 0.0978763 0.0627886 
2 :: 0.039873 0.039873 0 0.0465773 0.039873 0.0416373 0.0395201 0.0395201 0.039873 0.0469301 0.0395201 0.039873 0.0486944 0.0479887 0.0476359 0.0476359 0.047283 0.047283 0.0469301 0.16549 0.0479887 
3 :: 0.0198329 0.0196231 0.0223224 0 0.0210358 0.0204343 0.0203294 0.032939 0.0359742 0.0304071 0.0265818 0.0323375 0.0816844 0.0833838 0.0807682 0.0850064 0.0770266 0.077733 0.0765301 0.126349 0.0297007 
3 :: 0.0110999 0.0110999 0.012109 0 0.0131181 0.012109 0.012109 0.0302725 0.0343088 0.0232089 0.0211907 0.0292634 0.0958628 0.09889 0.0948537 0.100908 0.0898083 0.0908174 0.0887992 0.107972 0.0221998 
3 :: 0.0402098 0.0395105 0.0461538 0 0.0395105 0.0398601 0.0395105 0.0391608 0.0398601 0.0472028 0.0391608 0.0395105 0.0486014 0.0472028 0.0479021 0.0479021 0.0472028 0.0472028 0.0479021 0.169231 0.0472028 
4 :: 0.0199087 0.020846 0.02133 0.0220407 0 0.0228852 0.0205061 0.0205061 0.0205061 0.0623114 0.02477 0.0283233 0.0780283 0.0842286 0.0828073 0.0893165 0.0884925 0.077122 0.0828073 0.107649 0.0256146 
4 :: 0.0101523 0.0111675 0.0121827 0.013198 0 0.0111675 0.0111675 0.0111675 0.0111675 0.0670051 0.0172589 0.022335 0.0883249 0.0984772 0.0964467 0.105584 0.104569 0.0883249 0.0964467 0.108629 0.0152284 
4 :: 0.0426737 0.043429 0.0426737 0.0426737 0 0.0502266 0.0422961 0.0422961 0.0422961 0.0513595 0.0422961 0.0422961 0.054003 0.0509819 0.0509819 0.0513595 0.0509819 0.0509819 0.0509819 0.105363 0.0498489 
5 :: 0.0203402 0.0194633 0.0204528 0.0206542 0.0221413 0 0.0380269 0.0204291 0.0198899 0.0739688 0.0192381 0.0205417 0.06453 0.0791829 0.0732044 0.0810257 0.0811382 0.0785312 0.0726889 0.103191 0.0713617 
5 :: 0.0102421 0.00931099 0.0102421 0.0111732 0.0102421 0 0.0363128 0.0111732 0.0102421 0.0837989 0.00931099 0.0111732 0.0698324 0.0912477 0.0828678 0.094041 0.094041 0.0903166 0.0810056 0.103352 0.0800745 
5 :: 0.0439024 0.043152 0.0442777 0.0427767 0.0499062 0 0.0420263 0.0420263 0.0424015 0.0510319 0.0424015 0.0424015 0.0521576 0.0510319 0.0506567 0.0506567 0.0510319 0.0510319 0.0532833 0.102814 0.0510319 
6 :: 0.0218123 0.0328747 0.0334892 0.020081 0.019354 0.0365621 0 0.0310309 0.0358351 0.0369149 0.019354 0.0187394 0.0679809 0.066302 0.0665269 0.077754 0.0757979 0.0802123 0.0789832 0.102918 0.0774768 
6 :: 0.0131694 0.0289728 0.0298507 0.0105356 0.00965759 0.0342406 0 0.0263389 0.0333626 0.0307287 0.00965759 0.00877963 0.0746269 0.0728709 0.0728709 0.0895522 0.0869183 0.0930641 0.0913082 0.09482 0.0886743 
6 :: 0.041979 0.041979 0.041979 0.0423538 0.041979 0.041979 0 0.041979 0.0416042 0.0513493 0.041979 0.041979 0.0524738 0.0509745 0.0517241 0.0502249 0.0498501 0.0502249 0.0502249 0.121814 0.0513493 
7 :: 0.0273104 0.0212179 0.034369 0.0307823 0.0194245 0.0200223 0.0307823 0 0.0380704 0.0682069 0.0342543 0.0194245 0.0581352 0.0665283 0.0641372 0.0717936 0.0727597 0.0739553 0.0776567 0.0955595 0.0756097 
7 :: 0.0204953 0.0119556 0.030743 0.0256191 0.00939368 0.0102477 0.0256191 0 0.0358668 0.0751494 0.030743 0.00939368 0.059778 0.0725875 0.0691716 0.0802733 0.0819812 0.0836892 0.088813 0.0930828 0.0853971 
7 :: 0.0432122 0.0428298 0.0428298 0.0428298 0.0428298 0.0428298 0.0428298 0 0.0432122 0.0520076 0.0424474 0.0428298 0.0543021 0.0523901 0.0523901 0.0520076 0.0512428 0.0512428 0.0516252 0.101338 0.0527725 
8 :: 0.0347751 0.0251574 0.0212649 0.0350022 0.0198539 0.0199674 0.0372565 0.0400786 0 0.0350189 0.02 0.0347751 0.0672618 0.0622663 0.0711217 0.0764252 0.0602065 0.0769604 0.0776092 0.102086 0.0829127 
8 :: 0.0315107 0.0176089 0.0120482 0.0315107 0.0101946 0.0101946 0.0352178 0.0389249 0 0.0278035 0.00926784 0.0315107 0.0732159 0.0667285 0.0797034 0.0871177 0.0639481 0.0880445 0.0889713 0.100093 0.0963855 
8 :: 0.0423921 0.0427706 0.0427706 0.0431491 0.0423921 0.0427706 0.0420136 0.0427706 0 0.0518547 0.0450416 0.0423921 0.0533687 0.0518547 0.0510977 0.0514762 0.0514762 0.0510977 0.0510977 0.106737 0.0514762 
9 :: 0.086863 0.0791812 0.0695026 0.0316361 0.0626515 0.0798999 0.0404841 0.0784626 0.0368907 0 0.0834934 0.0604954 0.0201671 0.0204382 0.0211569 0.0381043 0.0248622 0.0197195 0.0205501 0.10561 0.0198314 
9 :: 0.102669 0.0913758 0.0780287 0.023614 0.0677618 0.0924025 0.0359343 0.0903491 0.0308008 0 0.0975359 0.0646817 0.0102669 0.0112936 0.0123203 0.0328542 0.0174538 0.0102669 0.0112936 0.10883 0.0102669 
9 :: 0.0499814 0.0507273 0.0496084 0.0503543 0.0507273 0.0507273 0.0511003 0.0507273 0.0511003 0 0.0507273 0.0507273 0.0432674 0.0417755 0.0417755 0.0503543 0.0421485 0.0417755 0.0421485 0.0980977 0.0421485 
10 :: 0.0462419 0.035582 0.0368897 0.0276511 0.0248085 0.0199475 0.0205445 0.0381974 0.0206293 0.0829672 0 0.0313181 0.0766561 0.0657978 0.070886 0.0652007 0.0494526 0.0750363 0.0502769 0.1082 0.0537165 
10 :: 0.0477157 0.0324873 0.0345178 0.0213198 0.0172589 0.0101523 0.0111675 0.0365482 0.0101523 0.0964467 0 0.0263959 0.0862944 0.0720812 0.0791878 0.071066 0.048731 0.0852792 0.0497462 0.108629 0.0548223 
10 :: 0.042803 0.042803 0.0424242 0.0424242 0.0424242 0.042803 0.0424242 0.0420455 0.0450758 0.0515152 0 0.042803 0.0541667 0.0511364 0.0515152 0.0515152 0.0511364 0.0511364 0.0515152 0.107197 0.0511364 
11 :: 0.0442289 0.0426999 0.0369026 0.0326343 0.0275484 0.0205408 0.0190118 0.0197232 0.036085 0.0592647 0.0305002 0 0.0555275 0.0770492 0.0656671 0.0734923 0.0798947 0.0598698 0.063533 0.125017 0.0308094 
11 :: 0.0457317 0.0436992 0.0355691 0.0294715 0.0223577 0.0121951 0.0101626 0.0111789 0.0345528 0.0640244 0.0264228 0 0.0579268 0.0894309 0.0731707 0.0843496 0.0934959 0.0650407 0.070122 0.107724 0.023374 
11 :: 0.0407224 0.0403683 0.0400142 0.0400142 0.0396601 0.0400142 0.0396601 0.0396601 0.0396601 0.0481586 0.0400142 0 0.0499292 0.0481586 0.0481586 0.0481586 0.0481586 0.0478045 0.0481586 0.165368 0.0481586 
12 :: 0.0681497 0.0776497 0.0787937 0.0745191 0.0699429 0.0619967 0.0683661 0.0591907 0.0647176 0.0188108 0.0686906 0.050943 0 0.0195451 0.0195451 0.023502 0.0193287 0.0198466 0.0204727 0.0966606 0.0193287 
12 :: 0.0760286 0.0894454 0.0912343 0.0849732 0.0778175 0.0670841 0.0760286 0.0626118 0.0706619 0.00894454 0.0760286 0.0509839 0 0.009839 0.009839 0.0116279 0.009839 0.0107335 0.0116279 0.0948122 0.009839 
12 :: 0.0497656 0.0501262 0.0497656 0.0501262 0.0515687 0.0501262 0.0504868 0.0512081 0.0508475 0.041832 0.0515687 0.0508475 0 0.0421926 0.0421926 0.0512081 0.0414713 0.0411107 0.0411107 0.100974 0.0414713 
13 :: 0.0539239 0.0658945 0.0710248 0.0709134 0.0703433 0.0710248 0.0624744 0.0637259 0.0563155 0.0187564 0.0555225 0.0653245 0.0193138 0 0.0189794 0.0677161 0.0188679 0.0188679 0.0221766 0.0900779 0.0187564 
13 :: 0.0553746 0.0724756 0.0798046 0.0798046 0.0789902 0.0798046 0.0675896 0.0692182 0.0586319 0.00895765 0.0578176 0.0716612 0.00895765 0 0.00895765 0.0749186 0.00895765 0.00895765 0.0138436 0.0863192 0.00895765 
13 :: 0.0505388 0.0505388 0.0505388 0.0501672 0.0501672 0.0505388 0.0505388 0.0509104 0.0509104 0.0416202 0.0501672 0.0505388 0.0434783 0 0.0423634 0.0509104 0.0419918 0.0419918 0.0416202 0.098848 0.0416202 
14 :: 0.0748011 0.0719214 0.0707248 0.0715466 0.0719214 0.0683317 0.0650771 0.0637688 0.0665368 0.0196935 0.0618622 0.0582725 0.0196538 0.0193186 0 0.0224867 0.0226849 0.0196935 0.0192069 0.0928043 0.0196935 
14 :: 0.0854701 0.0811966 0.0794872 0.0803419 0.0811966 0.0760684 0.0709402 0.0692308 0.0735043 0.0102564 0.0666667 0.0615385 0.00940171 0.00940171 0 0.0102564 0.0145299 0.0102564 0.00940171 0.0905983 0.0102564 
14 :: 0.0499069 0.0502793 0.0502793 0.0510242 0.0502793 0.0502793 0.0513966 0.0510242 0.0502793 0.0417132 0.0506518 0.0506518 0.0435754 0.0424581 0 0.0510242 0.0417132 0.0417132 0.0420857 0.0979516 0.0417132 
15 :: 0.0540653 0.0612868 0.0521396 0.0624586 0.0642799 0.0627311 0.063108 0.0594655 0.0594655 0.0295124 0.0479112 0.0541698 0.0210966 0.0586072 0.0200927 0 0.0462579 0.0575398 0.0223954 0.0810212 0.0223954 
15 :: 0.0570839 0.0674003 0.0543329 0.0687758 0.0715268 0.0694635 0.0701513 0.0646492 0.0646492 0.0220083 0.0481431 0.0570839 0.00894085 0.0632737 0.00825309 0 0.0460798 0.0618982 0.0116919 0.0729023 0.0116919 
15 :: 0.0470219 0.0470219 0.0470219 0.0477186 0.0473703 0.0470219 0.0466736 0.0473703 0.0473703 0.0470219 0.0473703 0.0473703 0.0494601 0.0477186 0.0477186 0 0.0466736 0.0473703 0.0473703 0.0999652 0.0473703 
16 :: 0.0642268 0.0573858 0.0678162 0.0667698 0.0748824 0.0738361 0.0723394 0.0707136 0.055293 0.0225714 0.0430116 0.0686208 0.0193198 0.0190946 0.0224589 0.0539089 0 0.0189821 0.0184026 0.0908047 0.0195615 
16 :: 0.0703642 0.0604305 0.0753311 0.0736755 0.0852649 0.0836093 0.0819536 0.0794702 0.0571192 0.0140728 0.0397351 0.0761589 0.00910596 0.00910596 0.0140728 0.0554636 0 0.00910596 0.00827815 0.0877483 0.00993377 
16 :: 0.0499062 0.0502814 0.0502814 0.0506567 0.0506567 0.0510319 0.0499062 0.0502814 0.0510319 0.0424015 0.0506567 0.0510319 0.043152 0.0424015 0.0420263 0.0502814 0 0.0420263 0.0420263 0.0979362 0.0420263 
17 :: 0.0538353 0.0622733 0.0601057 0.0664885 0.0647784 0.0705912 0.0754966 0.0709363 0.0693387 0.0182988 0.0630683 0.0516677 0.0196638 0.0189813 0.0194388 0.066601 0.0188688 0 0.0208039 0.0898948 0.0188688 
17 :: 0.0553746 0.0675896 0.0643322 0.0732899 0.0708469 0.0789902 0.0863192 0.0798046 0.0773616 0.00814332 0.0684039 0.0521173 0.00977199 0.00895765 0.00977199 0.0732899 0.00895765 0 0.0114007 0.0863192 0.00895765 
17 :: 0.0502437 0.0498688 0.0502437 0.0506187 0.0506187 0.0509936 0.0502437 0.0502437 0.0506187 0.0419948 0.0506187 0.0506187 0.0427447 0.0423697 0.0419948 0.0509936 0.0419948 0 0.0427447 0.0982377 0.0419948 
18 :: 0.0512963 0.0530902 0.066953 0.0712113 0.0754342 0.071135 0.0810394 0.0811511 0.0760695 0.0196177 0.0463264 0.0590306 0.0209999 0.0233172 0.0196177 0.0259997 0.0188707 0.0216351 0 0.0968403 0.0203647 
18 :: 0.0517241 0.0544465 0.0744102 0.0798548 0.0862069 0.0789474 0.0943739 0.0943739 0.0871143 0.00998185 0.0444646 0.0626134 0.0117967 0.0154265 0.00998185 0.0154265 0.00907441 0.0127042 0 0.0961887 0.0108893 
18 :: 0.0502981 0.0499255 0.0495529 0.0510432 0.0502981 0.0529061 0.0499255 0.0502981 0.0502981 0.0421013 0.0506706 0.0506706 0.0424739 0.0417288 0.0421013 0.0506706 0.0417288 0.0424739 0 0.0983607 0.0424739 
19 :: 0.052254 0.0495817 0.0574314 0.0584849 0.0485655 0.0496345 0.0511191 0.0485436 0.0490384 0.0474636 0.0487591 0.0573346 0.0482862 0.0476088 0.0474636 0.0486249 0.0473669 0.0474152 0.047512 0 0.047512 
19 :: 0.0496255 0.0500936 0.0496255 0.0500936 0.0500936 0.0519663 0.0505618 0.05103 0.0505618 0.0496255 0.0500936 0.0496255 0.0496255 0.0496255 0.0496255 0.0496255 0.0496255 0.0496255 0.0496255 0 0.0496255 
19 :: 0.0583871 0.0483871 0.0756452 0.0780645 0.045 0.0441935 0.0524194 0.0427419 0.0454839 0.0424194 0.0456452 0.0753226 0.0451613 0.0429032 0.0424194 0.0462903 0.0420968 0.0422581 0.0425806 0 0.0425806 
20 :: 0.0280112 0.0298579 0.0742078 0.034195 0.0277873 0.0898212 0.102944 0.102189 0.105435 0.0213234 0.0619521 0.0351743 0.0224146 0.0220788 0.0229462 0.0299699 0.0229462 0.0220788 0.0231701 0.121498 0 
20 :: 0.0185874 0.0210657 0.0842627 0.0272615 0.0185874 0.106568 0.125155 0.123916 0.128872 0.0123916 0.0669145 0.0285006 0.0136307 0.0136307 0.0148699 0.0210657 0.0148699 0.0136307 0.0148699 0.131351 0 
20 :: 0.05 0.0503731 0.0507463 0.0503731 0.0492537 0.0507463 0.0511194 0.0514925 0.0507463 0.0421642 0.0503731 0.0507463 0.0429104 0.041791 0.041791 0.0507463 0.041791 0.041791 0.0425373 0.0985075 0 

Nodes
3 4 5 6 7 9 10 11 12 13 14 15 17 18 19 22 24 27 28 29 32 
csews3 csews4 csews5 csews6 csews7 csews9 csews10 csews11 csews12 csews13 csews14 csews15 csews17 csews18 csews19 csews22 csews24 csews27 csews28 csews29 csews32 
Computation, Network each node star:

3 || 0.0294917 || 19.875 || 105.375
4 || 0.0301895 || 14.3438 || 100.531
5 || 0.0296581 || 14.75 || 100.469
6 || 0.0298402 || 15.125 || 100.438
7 || 0.0276234 || 17.3125 || 99.3438
9 || 0.0279885 || 20.1562 || 99.3438
10 || 0.0288325 || 18.6562 || 98.75
11 || 0.0312277 || 16.0625 || 99.6875
12 || 0.0279559 || 17.625 || 100.125
13 || 0.0264587 || 10.4062 || 99.125
14 || 0.0306275 || 17.2812 || 99.5312
15 || 0.026325 || 24.5938 || 104.031
17 || 0.0264587 || 10.4062 || 99.125
18 || 0.0264587 || 10.4062 || 99.125
19 || 0.0269462 || 16.1562 || 104.438
22 || 0.0289775 || 25.5312 || 108.75
24 || 0.0264587 || 10.4062 || 99.125
27 || 0.0264587 || 10.4062 || 99.125
28 || 0.0264587 || 10.4062 || 99.125
29 || 0.0712144 || 31.125 || 131.469
32 || 0.0264587 || 10.4062 || 99.125
Min Load:0.0371908 13
Computation, Network each node star:

3 || 0.0222656 || 18.5 || 99.4375
4 || 0.0269331 || 16.3125 || 99.9062
5 || 0.0222656 || 18.5 || 99.4375
6 || 0.0251615 || 16.125 || 100.312
7 || 0.0222656 || 18.5 || 99.4375
9 || 0.0222656 || 18.5 || 99.4375
10 || 0.0222656 || 18.5 || 99.4375
11 || 0.0222656 || 18.5 || 99.4375
12 || 0.0222656 || 18.5 || 99.4375
13 || 0.0163785 || 18.1562 || 103.594
14 || 0.0222656 || 18.5 || 99.4375
15 || 0.0235912 || 18.4375 || 99.25
17 || 0.0264587 || 10.4062 || 99.125
18 || 0.0163785 || 18.1562 || 103.594
19 || 0.0163785 || 18.1562 || 103.594
22 || 0.0163785 || 18.1562 || 103.594
24 || 0.0163785 || 18.1562 || 103.594
27 || 0.0163785 || 18.1562 || 103.594
28 || 0.0163785 || 18.1562 || 103.594
29 || 0.0712144 || 31.125 || 131.469
32 || 0.0163785 || 18.1562 || 103.594
Min Load:0.039335 17

Allocated Nodes
csews13:4
csews27:4
csews32:4
csews17:4
csews18:4
csews28:4
csews19:4
csews24:4


Allocated Nodes
csews17:4
csews18:4
csews32:4
csews24:4
csews27:4
csews19:4
csews13:4
csews28:4


NODES ALLOCATION WITH MAX COMPUTE
csews18
csews32
csews24
csews19
csews12
csews10
csews27
csews14



======================================================================
Usage: <executable> <number of hosts> <ppn>


======================================================================
csews3 csews4 csews5 csews6 csews7 csews9 csews10 csews11 csews12 csews13 csews14 csews15 csews17 csews18 csews19 csews22 csews24 csews27 csews28 csews29 csews32 
Number of hosts: 21
Read Node Data
Read latency Data
Read bw Data
Read Topology Data
done
Process and Cpu Count
 11,12 9,12 11,12 9,12 11,12 10,12 11,12 11,12 11,12 11,12 11,12 11,12 5,12 12,12 11,12 11,12 11,12 12,12 12,12 3,12 11,12 
MAX BW : 117Bandwidth Data :
csews3   0 12 10 12 10 10 12 13 10 102 13 12 90 77 86 94 101 70 58 107 16 
csews4   12 0 10 11 11 11 13 12 10 84 12 13 87 94 78 109 68 100 57 107 16 
csews5   10 10 0 11 12 11 15 12 11 80 13 11 103 103 101 87 87 63 69 107 68 
csews6   12 11 11 0 12 13 11 11 14 17 11 11 86 91 104 103 87 104 89 107 93 
csews7   10 11 12 12 0 11 11 11 11 72 11 12 99 99 103 100 101 92 90 107 16 
csews9   10 11 11 13 11 0 11 11 11 48 11 11 64 105 95 105 101 85 91 108 88 
csews10   12 13 15 11 11 11 0 11 11 19 10 11 85 80 85 101 91 100 104 108 103 
csews11   13 12 12 11 11 11 11 0 10 90 11 11 76 82 94 100 90 102 101 109 100 
csews12   10 10 11 14 11 11 11 10 0 19 11 12 77 70 85 97 68 101 93 108 102 
csews13   102 84 80 17 72 48 19 90 19 0 69 59 11 13 12 19 14 11 12 107 12 
csews14   13 12 13 11 11 11 10 11 11 69 0 11 89 69 75 83 63 68 63 106 29 
csews15   12 13 11 11 12 11 11 11 12 59 11 0 70 83 70 93 97 62 62 107 20 
csews17   90 87 103 86 99 64 85 76 77 11 89 70 0 12 13 13 13 10 13 106 12 
csews18   77 94 103 91 99 105 80 82 70 13 69 83 12 0 15 65 10 12 11 106 12 
csews19   86 78 101 104 103 95 85 94 85 12 75 70 13 15 0 19 10 12 11 107 10 
csews22   94 109 87 103 100 105 101 100 97 19 83 93 13 65 19 0 47 87 15 107 17 
csews24   101 68 87 87 101 101 91 90 68 14 63 97 13 10 10 47 0 13 13 106 11 
csews27   70 100 63 104 92 85 100 102 101 11 68 62 10 12 12 87 13 0 11 107 13 
csews28   58 57 69 89 90 91 104 101 93 12 63 62 13 11 11 15 13 11 0 106 11 
csews29   107 107 107 107 107 108 108 109 108 107 106 107 106 106 107 107 106 107 106 0 106 
csews32   16 16 68 93 16 88 103 100 102 12 29 20 12 12 10 17 11 13 11 106 0 
Latency Data :
0 310 114 115 285 622 112 113 113 1356 114 122 139 154 1995 1909 214 1477 1087 273 138 
310 0 121 120 115 197 112 113 112 146 492 113 145 136 155 1970 2117 212 1480 3447 2831 
114 121 0 201 112 117 113 112 113 135 178 510 141 139 136 140 1985 2120 214 3170 1072 
115 120 201 0 123 113 113 113 115 138 114 120 1361 138 145 136 137 1952 137 1701 1181 
285 115 112 123 0 206 112 112 139 138 113 112 143 1984 219 137 136 138 1972 1533 967 
622 197 117 113 206 0 113 113 113 433 113 113 140 144 1310 145 139 136 137 2110 136 
112 112 113 113 112 113 0 112 112 137 156 114 142 136 139 663 137 207 145 2126 155 
113 113 112 113 112 113 112 0 112 135 112 389 144 139 145 144 1495 138 199 1582 905 
113 112 113 115 139 113 112 112 0 137 112 113 145 140 139 139 138 1295 138 3330 136 
1356 146 135 138 138 433 137 135 137 0 136 136 115 112 123 1412 113 113 114 2794 122 
114 492 178 114 113 113 156 112 112 136 0 112 141 136 137 136 659 136 139 3764 136 
122 113 510 120 112 113 114 389 113 136 112 0 144 135 139 136 136 992 136 2100 139 
139 145 141 1361 143 140 142 144 145 115 141 144 0 118 117 140 148 117 115 2970 116 
154 136 139 138 1984 144 136 139 140 112 136 135 118 0 113 136 113 112 135 2216 112 
1995 155 136 145 219 1310 139 145 139 123 137 139 117 113 0 137 112 112 119 402 112 
1909 1970 140 136 137 145 663 144 139 1412 136 136 140 136 137 0 136 135 135 3096 438 
214 2117 1985 137 136 139 137 1495 138 113 659 136 148 113 112 136 0 111 112 262 115 
1477 212 2120 1952 138 136 207 138 1295 113 136 992 117 112 112 135 111 0 112 262 112 
1087 1480 214 137 1972 137 145 199 138 114 139 136 115 135 119 135 112 112 0 262 112 
273 3447 3170 1701 1533 2110 2126 1582 3330 2794 3764 2100 2970 2216 402 3096 262 262 262 0 262 
138 2831 1072 1181 967 136 155 905 136 122 136 139 116 112 112 438 115 112 112 262 0 
Topology Data :
0 155 134 0 0 140 136 0 0 175 0 128 137 0 161 154 0 151 135 299 179 
193 0 191 194 0 172 180 0 179 226 0 192 223 0 259 259 231 214 218 541 238 
139 183 0 137 0 131 137 0 130 167 0 132 165 0 169 161 162 197 153 367 189 
128 167 138 0 0 132 132 0 141 235 0 145 176 0 162 192 168 156 155 679 182 
0 0 0 0 0 0 0 0 0 0 0 0 0 0 0 0 0 0 0 0 0 
127 149 131 131 0 0 122 0 123 168 0 125 159 0 154 152 194 153 152 471 160 
137 191 136 163 0 123 0 0 135 166 0 135 164 0 179 160 150 188 149 373 167 
0 0 0 0 0 0 0 0 0 0 0 0 0 0 0 0 0 0 0 0 0 
0 0 0 0 0 0 0 0 0 0 0 0 0 0 0 0 0 0 0 0 0 
163 226 179 173 0 155 158 0 239 0 0 157 118 0 132 169 120 121 121 420 141 
0 0 0 0 0 0 0 0 0 0 0 0 0 0 0 0 0 0 0 0 0 
138 164 136 140 0 129 142 0 140 201 0 0 168 0 166 168 158 162 169 435 185 
149 259 177 169 0 154 155 0 158 125 0 152 0 0 124 153 115 114 112 531 132 
0 0 0 0 0 0 0 0 0 0 0 0 0 0 0 0 0 0 0 0 0 
165 195 183 173 0 163 169 0 200 136 0 192 126 0 0 177 125 124 133 395 153 
162 213 178 171 0 154 170 0 178 182 0 164 157 0 168 0 153 153 164 381 172 
378 193 166 167 0 167 162 0 192 123 0 155 114 0 125 153 0 119 114 514 129 
152 203 177 203 0 141 150 0 151 123 0 174 115 0 124 152 113 0 115 626 131 
150 191 163 184 0 143 158 0 174 124 0 148 112 0 124 151 122 117 0 644 125 
338 730 478 639 0 631 463 0 550 350 0 364 463 0 576 564 365 312 341 0 463 
148 241 175 176 0 196 228 0 170 150 0 210 133 0 148 176 134 141 138 451 0 
Node Data :
band_10 :0 :0 :0 :0 :0 :0 :0 :0 :0 :0 :0 :0 :0 :0 :0 :0 :0 :0 :0 :0 :0 
band_150 :4 :3 :5 :3 :5 :4 :6 :5 :5 :5 :4 :3 :4 :1 :5 :3 :4 :4 :3 :2 :5 
band_50 :6 :6 :6 :5 :6 :5 :5 :5 :2 :2 :2 :2 :2 :1 :2 :2 :2 :2 :2 :2 :2 
corecount :0 :0 :0 :0 :0 :0 :0 :0 :0 :0 :0 :0 :0 :0 :0 :0 :0 :0 :0 :0 :0 
cpucount :0 :0 :0 :0 :0 :0 :0 :0 :0 :0 :0 :0 :0 :0 :0 :0 :0 :0 :0 :0 :0 
cpufreqcurrent :25 :164 :2338 :41 :3495 :208 :4 :3508 :2 :2083 :15 :3595 :755 :3595 :2512 :3512 :3595 :2073 :0 :795 :3475 
cpufreqmax :0 :0 :0 :0 :0 :0 :0 :0 :0 :0 :0 :0 :0 :0 :0 :0 :0 :0 :0 :0 :0 
cpufreqmin :0 :0 :0 :0 :0 :0 :0 :0 :0 :0 :0 :0 :0 :0 :0 :0 :0 :0 :0 :0 :0 
load_1 :0.0983333 :0.255833 :0.0891667 :0.255833 :0.0816667 :0.225833 :0.085 :0.0833333 :0.075 :0.0691667 :0.0691667 :0.104167 :0.571667 :0.0308333 :0.0666667 :0.0791667 :0.0825 :0.07 :0.0775 :8.73167 :0.0741667 
load_15 :0.115 :0.285833 :0.141667 :0.285833 :0.145833 :0.255 :0.1475 :0.131667 :0.170833 :0.164167 :0.139167 :0.151667 :0.625833 :0.0475 :0.135 :0.125833 :0.0991667 :0.0933333 :0.0975 :8.8775 :0.140833 
load_5 :0.0975 :0.2625 :0.118333 :0.265 :0.115833 :0.235 :0.1175 :0.100833 :0.1275 :0.126667 :0.103333 :0.125 :0.615833 :0.0475 :0.105 :0.119167 :0.0891667 :0.0791667 :0.0825 :8.84167 :0.1025 
memory :49152 :40960 :45056 :40960 :40960 :0 :40960 :0 :40960 :40960 :0 :0 :49152 :0 :0 :0 :40960 :36864 :8192 :40960 :8192 
memory_10 :1742 :9521 :2395 :4949 :2107 :2514 :88 :37 :21 :1830 :835 :6149 :13976 :0 :117 :796 :178 :1276 :1724 :13842 :58 
memory_150 :1733 :9513 :2630 :4937 :2108 :2506 :95 :32 :36 :1838 :839 :6166 :13969 :0 :121 :801 :173 :1270 :1709 :13836 :64 
memory_50 :1740 :9523 :2386 :4944 :2104 :2511 :85 :37 :11 :1817 :826 :6136 :13964 :0 :107 :792 :169 :1267 :1712 :13830 :49 
node :3 :4 :5 :6 :7 :9 :10 :11 :12 :13 :14 :15 :17 :18 :19 :22 :24 :27 :28 :29 :32 
nodeusers :8 :4 :1 :4 :9 :5 :9 :10 :10 :8 :9 :6 :4 :10 :8 :7 :10 :9 :9 :0 :10 
processcount :4 :4 :4 :4 :4 :4 :4 :4 :4 :4 :4 :4 :4 :4 :4 :4 :4 :4 :4 :4 :4 
util_10 :9 :26 :9 :26 :9 :23 :9 :9 :9 :10 :9 :9 :59 :0 :9 :9 :9 :9 :9 :99 :9 
util_150 :9 :25 :14 :25 :14 :23 :15 :9 :19 :17 :14 :12 :63 :3 :14 :16 :10 :9 :8 :99 :14 
util_50 :9 :27 :9 :26 :9 :24 :9 :9 :6 :6 :6 :6 :56 :3 :6 :6 :6 :6 :6 :99 :6 

Compute Load
0::4.61123  1::15.9139  2::5.11778  3::12.9385  4::4.85569  5::10.2258  6::3.57054  7::3.40687  8::3.52291  9::4.88549  10::3.84144  11::7.73428  12::31.1941  13::0.565607  14::3.36456  15::4.00238  16::3.41046  17::3.96545  18::4.33818  19::159.171  20::3.36412  
Normalised Compute Load
0::0.0156845  1::0.054129  2::0.0174074  3::0.0440084  4::0.016516  5::0.0347816  6::0.0121447  7::0.011588  8::0.0119827  9::0.0166173  10::0.0130661  11::0.0263071  12::0.106102  13::0.00192383  14::0.0114441  15::0.0136135  16::0.0116002  17::0.0134879  18::0.0147557  19::0.541397  20::0.0114426  
Normalised Network Load :
0 :: 0 0.0178218 0.0108281 0.0123861 0.0155949 0.0249891 0.0123024 0.0130953 0.0108002 0.115832 0.0131232 0.0125812 0.0727272 0.0632 0.121405 0.125128 0.0832332 0.0947246 0.0746726 0.089468 0.0160873 
0 :: 0 0.0131148 0.010929 0.0131148 0.010929 0.010929 0.0131148 0.0142077 0.010929 0.111475 0.0142077 0.0131148 0.0983607 0.084153 0.0939891 0.102732 0.110383 0.0765027 0.063388 0.11694 0.0174863 
0 :: 0 0.0288051 0.0105928 0.0106857 0.0264821 0.0577959 0.010407 0.0104999 0.0104999 0.125999 0.0105928 0.0113362 0.0129158 0.0143096 0.185374 0.177383 0.0198848 0.137242 0.101004 0.025367 0.0128229 
1 :: 0.015619 0 0.0101634 0.0109077 0.0108038 0.012507 0.0122716 0.0115273 0.0099765 0.0672947 0.0193991 0.0122924 0.069569 0.0747373 0.0628915 0.124305 0.0959917 0.0809059 0.074346 0.153452 0.0710399 
1 :: 0.0131148 0 0.010929 0.0120219 0.0120219 0.0120219 0.0142077 0.0131148 0.010929 0.0918033 0.0131148 0.0142077 0.095082 0.102732 0.0852459 0.119126 0.0743169 0.10929 0.0622951 0.11694 0.0174863 
1 :: 0.0214622 0 0.00837718 0.00830795 0.00796178 0.0136389 0.00775408 0.00782332 0.00775408 0.010108 0.0340626 0.00782332 0.0100388 0.00941567 0.0107311 0.136389 0.146566 0.0146774 0.102465 0.238646 0.195998 
2 :: 0.0102391 0.010431 0 0.0133356 0.011607 0.0110327 0.0137686 0.011607 0.0109231 0.0606116 0.0141278 0.0218067 0.0771378 0.077083 0.075578 0.0657283 0.116309 0.102936 0.0549521 0.163023 0.0777626 
2 :: 0.0101626 0.0101626 0 0.0111789 0.0121951 0.0111789 0.0152439 0.0121951 0.0111789 0.0813008 0.0132114 0.0111789 0.104675 0.104675 0.102642 0.0884146 0.0884146 0.0640244 0.070122 0.10874 0.0691057 
2 :: 0.0104176 0.0110573 0 0.0183679 0.0102349 0.0106918 0.0103262 0.0102349 0.0103262 0.0123367 0.0162661 0.0466051 0.0128849 0.0127022 0.012428 0.0127936 0.181394 0.193731 0.0195559 0.289683 0.0979622 
3 :: 0.012587 0.0120669 0.0150042 0 0.0128771 0.0132159 0.0118131 0.0118131 0.0139898 0.0169281 0.0118494 0.0120669 0.109674 0.0688319 0.078204 0.0771762 0.06599 0.14373 0.0673928 0.136733 0.108057 
3 :: 0.012024 0.011022 0.011022 0 0.012024 0.0130261 0.011022 0.011022 0.0140281 0.0170341 0.011022 0.011022 0.0861723 0.0911824 0.104208 0.103206 0.0871743 0.104208 0.0891784 0.107214 0.0931864 
3 :: 0.0139006 0.014505 0.0242959 0 0.0148676 0.0136589 0.0136589 0.0136589 0.0139006 0.0166808 0.0137798 0.014505 0.164511 0.0166808 0.0175269 0.016439 0.0165599 0.235948 0.0165599 0.205609 0.142754 
4 :: 0.0167839 0.0116922 0.0122962 0.0126714 0 0.0147959 0.0115898 0.0115898 0.0125107 0.0555644 0.011624 0.0122962 0.0748066 0.137596 0.0802241 0.0753083 0.0759806 0.0696915 0.13083 0.127865 0.0442826 
4 :: 0.0100908 0.0110999 0.012109 0.012109 0 0.0110999 0.0110999 0.0110999 0.0110999 0.0726539 0.0110999 0.012109 0.0998991 0.0998991 0.103935 0.100908 0.101917 0.0928355 0.0908174 0.107972 0.0161453 
4 :: 0.0324011 0.0130741 0.0127331 0.0139836 0 0.0234197 0.0127331 0.0127331 0.0158026 0.0156889 0.0128467 0.0127331 0.0162574 0.225557 0.0248977 0.0155753 0.0154616 0.0156889 0.224193 0.174284 0.109936 
5 :: 0.0350532 0.0165795 0.0129705 0.0141887 0.0169855 0 0.0127901 0.0127901 0.0127901 0.0531003 0.0127901 0.0127901 0.051071 0.0799228 0.125531 0.0799679 0.0769 0.0655759 0.0698168 0.170712 0.0676738 
5 :: 0.00999001 0.010989 0.010989 0.012987 0.010989 0 0.010989 0.010989 0.010989 0.047952 0.010989 0.010989 0.0639361 0.104895 0.0949051 0.104895 0.100899 0.0849151 0.0909091 0.107892 0.0879121 
5 :: 0.0935338 0.0296241 0.017594 0.0169925 0.0309774 0 0.0169925 0.0169925 0.0169925 0.0651128 0.0169925 0.0169925 0.0210526 0.0216541 0.196992 0.0218045 0.0209023 0.0204511 0.0206015 0.317293 0.0204511 
6 :: 0.0149844 0.0156901 0.0171595 0.014337 0.0142788 0.014337 0 0.0142788 0.0142788 0.0213786 0.0161333 0.0143951 0.0682421 0.0643647 0.0680675 0.109847 0.072185 0.0826087 0.0818239 0.19991 0.0817001 
6 :: 0.0120968 0.0131048 0.015121 0.0110887 0.0110887 0.0110887 0 0.0110887 0.0110887 0.0191532 0.0100806 0.0110887 0.0856855 0.0806452 0.0856855 0.101815 0.0917339 0.100806 0.104839 0.108871 0.103831 
6 :: 0.0217223 0.0217223 0.0219162 0.0219162 0.0217223 0.0219162 0 0.0217223 0.0217223 0.026571 0.030256 0.0221102 0.0275407 0.026377 0.0269589 0.128588 0.026571 0.0401474 0.0281226 0.412335 0.0300621 
7 :: 0.0138839 0.0132216 0.013175 0.0125594 0.0125127 0.0125594 0.0125127 0 0.0118505 0.0659042 0.0125127 0.0254425 0.0570528 0.0607929 0.06902 0.0729468 0.129386 0.0739912 0.0761764 0.14603 0.108469 
7 :: 0.012299 0.0113529 0.0113529 0.0104068 0.0104068 0.0104068 0.0104068 0 0.00946074 0.0851466 0.0104068 0.0104068 0.0719016 0.0775781 0.0889309 0.0946074 0.0851466 0.0964995 0.0955535 0.103122 0.0946074 
7 :: 0.0175821 0.0175821 0.0174265 0.0175821 0.0174265 0.0175821 0.0174265 0 0.0174265 0.0210051 0.0174265 0.0605259 0.0224055 0.0216275 0.0225611 0.0224055 0.232612 0.0214719 0.0309631 0.246149 0.140812 
8 :: 0.0124383 0.0123947 0.0131901 0.0155328 0.014322 0.0131901 0.0131466 0.0123947 0 0.02025 0.0131466 0.013942 0.0642073 0.0587265 0.0699611 0.0789837 0.0571357 0.132318 0.0759326 0.226175 0.0826125 
8 :: 0.0107411 0.0107411 0.0118153 0.0150376 0.0118153 0.0118153 0.0118153 0.0107411 0 0.0204082 0.0118153 0.0128894 0.0827068 0.075188 0.0912997 0.104189 0.0730397 0.108485 0.0998926 0.116004 0.10956 
8 :: 0.0163982 0.0162531 0.0163982 0.0166884 0.0201712 0.0163982 0.0162531 0.0162531 0 0.019881 0.0162531 0.0163982 0.0210419 0.0203164 0.0201712 0.0201712 0.0200261 0.187926 0.0200261 0.483239 0.0197359 
9 :: 0.132635 0.0730306 0.069402 0.0188242 0.0630771 0.0547674 0.0203961 0.077448 0.0203961 0 0.0605887 0.0525427 0.013139 0.0146363 0.0142419 0.0679412 0.0154782 0.0130644 0.0139063 0.190281 0.0142046 
9 :: 0.117241 0.0965517 0.091954 0.0195402 0.0827586 0.0551724 0.0218391 0.103448 0.0218391 0 0.0793103 0.0678161 0.0126437 0.0149425 0.0137931 0.0218391 0.016092 0.0126437 0.0137931 0.122989 0.0137931 
9 :: 0.168552 0.0181479 0.0167806 0.0171535 0.0171535 0.0538222 0.0170292 0.0167806 0.0170292 0 0.0169049 0.0169049 0.0142946 0.0139217 0.015289 0.175513 0.014046 0.014046 0.0141703 0.347296 0.0151647 
10 :: 0.0157829 0.0308288 0.0184735 0.0140921 0.0140501 0.0140501 0.0150124 0.014008 0.014008 0.0640508 0 0.014008 0.0811692 0.0640508 0.0691653 0.0758866 0.0809655 0.0632054 0.0591045 0.247853 0.0302344 
10 :: 0.0157005 0.0144928 0.0157005 0.013285 0.013285 0.013285 0.0120773 0.013285 0.013285 0.0833333 0 0.013285 0.107488 0.0833333 0.0905797 0.100242 0.076087 0.0821256 0.076087 0.128019 0.0350242 
10 :: 0.0159753 0.0689462 0.0249439 0.0159753 0.0158352 0.0158352 0.021861 0.0156951 0.0156951 0.0190583 0 0.0156951 0.019759 0.0190583 0.0191984 0.0190583 0.0923487 0.0190583 0.0194787 0.527466 0.0190583 
11 :: 0.0161127 0.0164988 0.0346419 0.0151776 0.0156136 0.0148282 0.0148781 0.028603 0.0156635 0.0560716 0.0147783 0 0.0656594 0.0760694 0.0654098 0.0844725 0.0878138 0.101299 0.0585775 0.194187 0.0236437 
11 :: 0.0143198 0.0155131 0.0131265 0.0131265 0.0143198 0.0131265 0.0131265 0.0131265 0.0143198 0.0704057 0.0131265 0 0.0835322 0.0990453 0.0835322 0.110979 0.115752 0.0739857 0.0739857 0.127685 0.0238663 
11 :: 0.0202961 0.0187989 0.0848445 0.0199634 0.0186325 0.0187989 0.0189652 0.0647147 0.0187989 0.0226252 0.0186325 0 0.0239561 0.0224588 0.0231243 0.0226252 0.0226252 0.165031 0.0226252 0.34936 0.0231243 
12 :: 0.0619876 0.0603946 0.0701369 0.113891 0.0677458 0.0459117 0.059021 0.0535299 0.0541944 0.0119381 0.0614566 0.0498098 0 0.0126917 0.0132672 0.0142908 0.0146468 0.0114071 0.0131782 0.197898 0.0126027 
12 :: 0.0797166 0.0770593 0.0912312 0.0761736 0.0876882 0.0566873 0.0752879 0.0673162 0.0682019 0.00974314 0.0788308 0.0620018 0 0.0106289 0.0115146 0.0115146 0.0115146 0.0088574 0.0115146 0.0938884 0.0106289 
12 :: 0.0206201 0.0215102 0.0209168 0.201899 0.0212135 0.0207684 0.0210651 0.0213618 0.0215102 0.0170598 0.0209168 0.0213618 0 0.0175048 0.0173565 0.0207684 0.0219552 0.0173565 0.0170598 0.440587 0.0172081 
13 :: 0.0516379 0.0606561 0.0660044 0.0590107 0.148218 0.0673915 0.0525502 0.0538456 0.0469435 0.0126582 0.0461813 0.0542413 0.0123541 0 0.013862 0.0438653 0.0109671 0.0120792 0.012554 0.1629 0.0120792 
13 :: 0.063689 0.0777502 0.0851944 0.0752688 0.0818859 0.0868486 0.0661704 0.0678246 0.0578991 0.0107527 0.057072 0.0686518 0.00992556 0 0.0124069 0.0537634 0.0082713 0.00992556 0.00909843 0.0876758 0.00992556 
