csews1 csews2 csews3 csews4 csews5 csews6 csews7 csews9 csews11 csews12 csews13 csews15 csews16 csews17 csews19 csews21 csews22 csews23 csews24 csews25 
Number of hosts: 20

Duration: 3
-4.17934 -1.48918 -1.40269 0.495593 2.41987 -0.691158 -1.49181 2.05719 5.36752 2.78319 1.72322 2.50094 1.88714 1.97814 -1.05643 -4.79309 -1.87516 -1.5895 -1.6023 
Printing bandwidth info:
0 89 88 101 98 101 100 97 94 52 99 101 19 22 30 67 23 66 44 
89 0 100 102 101 102 101 96 80 52 100 100 32 26 35 60 28 57 50 
88 100 0 101 98 100 99 96 94 53 85 100 29 25 37 54 25 47 40 
101 102 101 0 100 90 95 98 98 46 94 97 27 20 34 60 23 66 49 
98 101 98 100 0 76 53 96 79 48 100 99 27 0 38 56 23 43 53 
101 102 100 90 76 0 100 90 98 60 100 93 33 0 36 44 25 53 48 
100 101 99 95 53 100 0 77 98 59 100 99 25 26 39 62 27 48 49 
97 96 96 98 96 90 77 0 98 74 101 100 0 36 0 48 26 50 61 
94 80 94 98 79 98 98 98 0 60 93 84 27 35 30 49 35 52 57 
52 52 53 46 48 60 59 74 60 0 44 48 85 93 86 46 62 91 101 
99 100 85 94 100 100 100 101 93 44 0 99 30 30 59 44 27 46 50 
101 100 100 97 99 93 99 100 84 48 99 0 24 34 44 48 39 48 80 
19 32 29 27 27 33 25 0 27 85 30 24 0 71 96 74 68 100 101 
22 26 25 20 0 0 26 36 35 93 30 34 71 0 101 77 67 100 101 
30 35 37 34 38 36 39 0 30 86 59 44 96 101 0 75 77 101 102 
67 60 54 60 56 44 62 48 49 46 44 48 74 77 75 0 65 54 44 
23 28 25 23 23 25 27 26 35 62 27 39 68 67 77 65 0 101 84 
66 57 47 66 43 53 48 50 52 91 46 48 100 100 101 54 101 0 101 
44 50 40 49 53 48 49 61 57 101 50 80 101 101 102 44 84 101 0 

Nodes
1 2 3 4 6 7 9 11 12 13 15 16 17 19 21 22 23 24 25 
csews1 csews2 csews3 csews4 csews6 csews7 csews9 csews11 csews12 csews13 csews15 csews16 csews17 csews19 csews21 csews22 csews23 csews24 csews25 
Total power of 1 is -nan
Total power of 2 is -nan
Total power of 3 is -nan
Total power of 4 is -nan
Total power of 6 is -nan
Total power of 7 is -nan
Total power of 9 is -nan
Total power of 11 is -nan
Total power of 12 is -nan
Total power of 13 is -nan
Total power of 15 is -nan
Total power of 16 is -nan
Total power of 17 is -nan
Total power of 19 is -nan
Total power of 21 is -nan
Total power of 22 is -nan
Total power of 23 is -nan
Total power of 24 is -nan
Total power of 25 is -nan
Max:-1 0
1 6

csews1 csews2 csews3 csews4 csews5 csews6 csews7 csews9 csews11 csews12 csews13 csews15 csews16 csews17 csews19 csews21 csews22 csews23 csews24 csews25 
Number of hosts: 20

Duration: 3
-4.26164 -1.51469 -1.35117 0.358254 2.12954 -0.868399 -1.55461 2.16776 4.86968 2.24308 3.66688 2.54322 2.03136 1.95484 -1.33823 -4.06868 -2.10783 -2.15508 -1.7158 
Printing bandwidth info:
0 89 88 101 98 101 100 97 94 52 99 101 19 22 30 67 23 66 44 
89 0 100 101 101 102 101 96 80 52 100 100 32 26 35 60 28 57 50 
88 100 0 101 98 100 99 96 94 53 85 100 29 25 37 54 25 47 40 
101 101 101 0 100 90 95 98 98 46 94 97 27 20 34 60 23 66 49 
98 101 98 100 0 76 53 96 79 48 100 99 27 0 38 56 23 43 53 
101 102 100 90 76 0 100 90 98 60 100 93 33 0 36 44 25 53 48 
100 101 99 95 53 100 0 77 98 59 100 99 25 26 39 62 27 48 49 
97 96 96 98 96 90 77 0 98 74 101 100 0 36 0 48 26 50 61 
94 80 94 98 79 98 98 98 0 60 93 84 27 35 30 49 35 52 57 
52 52 53 46 48 60 59 74 60 0 44 48 85 93 86 46 62 91 101 
99 100 85 94 100 100 100 101 93 44 0 99 30 30 59 44 27 46 50 
101 100 100 97 99 93 99 100 84 48 99 0 24 34 44 48 39 48 80 
19 32 29 27 27 33 25 0 27 85 30 24 0 71 96 74 68 100 101 
22 26 25 20 0 0 26 36 35 93 30 34 71 0 101 77 67 100 101 
30 35 37 34 38 36 39 0 30 86 59 44 96 101 0 75 77 101 102 
67 60 54 60 56 44 62 48 49 46 44 48 74 77 75 0 65 54 44 
23 28 25 23 23 25 27 26 35 62 27 39 68 67 77 65 0 101 84 
66 57 47 66 43 53 48 50 52 91 46 48 100 100 101 54 101 0 101 
44 50 40 49 53 48 49 61 57 101 50 80 101 101 102 44 84 101 0 

Nodes
1 2 3 4 6 7 9 11 12 13 15 16 17 19 21 22 23 24 25 
csews1 csews2 csews3 csews4 csews6 csews7 csews9 csews11 csews12 csews13 csews15 csews16 csews17 csews19 csews21 csews22 csews23 csews24 csews25 
Total power of 1 is -nan
Total power of 2 is -nan
Total power of 3 is -nan
Total power of 4 is -nan
Total power of 6 is -nan
Total power of 7 is -nan
Total power of 9 is -nan
Total power of 11 is -nan
Total power of 12 is -nan
Total power of 13 is -nan
Total power of 15 is -nan
Total power of 16 is -nan
Total power of 17 is -nan
Total power of 19 is -nan
Total power of 21 is -nan
Total power of 22 is -nan
Total power of 23 is -nan
Total power of 24 is -nan
Total power of 25 is -nan
Max:-1 0
1 6

csews1 csews2 csews3 csews4 csews5 csews6 csews7 csews9 csews11 csews12 csews13 csews15 csews16 csews17 csews19 csews21 csews22 csews23 csews24 csews25 
Number of hosts: 20

Duration: 2
-4.05722 -1.65249 -1.52698 -0.00662638 2.161 -0.713452 -1.19172 2.57019 3.54419 1.63414 3.30176 3.45535 1.7873 1.88628 -1.28545 -3.87069 -2.10227 -1.30947 -1.62882 
Printing bandwidth info:
0 89 88 101 98 101 100 97 94 52 100 101 19 22 30 67 23 66 44 
89 0 100 101 101 102 101 96 80 52 100 100 32 26 35 60 28 57 50 
88 100 0 101 98 100 99 96 94 53 100 100 29 25 37 54 25 47 40 
101 101 101 0 100 90 95 98 98 46 75 97 27 20 34 60 23 66 49 
98 101 98 100 0 76 53 96 79 48 92 99 27 0 38 56 23 43 53 
101 102 100 90 76 0 100 90 98 60 85 93 33 0 36 44 25 53 48 
100 101 99 95 53 100 0 77 98 59 101 99 25 26 39 62 27 48 49 
97 96 96 98 96 90 77 0 98 74 101 100 0 36 0 48 26 50 61 
94 80 94 98 79 98 98 98 0 60 83 84 27 35 30 49 35 52 57 
52 52 53 46 48 60 59 74 60 0 51 48 85 93 86 46 62 91 101 
100 100 100 75 92 85 101 101 83 51 0 99 30 30 59 44 27 46 50 
101 100 100 97 99 93 99 100 84 48 99 0 24 34 44 48 39 48 80 
19 32 29 27 27 33 25 0 27 85 30 24 0 71 96 74 68 100 101 
22 26 25 20 0 0 26 36 35 93 30 34 71 0 101 77 67 100 101 
30 35 37 34 38 36 39 0 30 86 59 44 96 101 0 75 77 101 102 
67 60 54 60 56 44 62 48 49 46 44 48 74 77 75 0 65 54 44 
23 28 25 23 23 25 27 26 35 62 27 39 68 67 77 65 0 101 84 
66 57 47 66 43 53 48 50 52 91 46 48 100 100 101 54 101 0 101 
44 50 40 49 53 48 49 61 57 101 50 80 101 101 102 44 84 101 0 

Nodes
1 2 3 4 6 7 9 11 12 13 15 16 17 19 21 22 23 24 25 
csews1 csews2 csews3 csews4 csews6 csews7 csews9 csews11 csews12 csews13 csews15 csews16 csews17 csews19 csews21 csews22 csews23 csews24 csews25 
Total power of 1 is 0.00984708
Total power of 2 is 0.193917
Total power of 3 is -0.00536932
Total power of 4 is 0.00978254
Total power of 6 is 0.0839344
Total power of 7 is 0.152652
Total power of 9 is 0.0905243
Total power of 11 is 0.182254
Total power of 12 is 0.0944175
Total power of 13 is 0.216915
Total power of 15 is 0.1081
Total power of 16 is 0.176705
Total power of 17 is 0.148812
Total power of 19 is 0.144131
Total power of 21 is 0.119993
Total power of 22 is -0.109942
Total power of 23 is -0.0999614
Total power of 24 is -0.08935
Total power of 25 is -0.186165
Max:0.216915 9
13 6
6 6
11 6

csews1 csews2 csews3 csews4 csews5 csews6 csews7 csews9 csews11 csews12 csews13 csews15 csews16 csews17 csews19 csews21 csews22 csews23 csews24 csews25 
Number of hosts: 20

Duration: 2
-3.67434 -1.42224 -1.1523 0.86963 2.78695 -0.802948 -1.4804 1.82846 4.30305 2.08 2.56142 1.93071 1.66959 1.79916 -1.05752 -4.47028 -1.82944 -1.71878 -1.19755 
csews1 csews2 csews3 csews4 csews5 csews6 csews7 csews9 csews11 csews12 csews13 csews15 csews16 csews17 csews19 csews21 csews22 csews23 csews24 csews25 
Number of hosts: 20

Duration: 1
-3.79673 -1.33297 -1.27897 0.444637 2.28781 0.377963 -1.14523 1.77049 4.31862 1.91826 2.79555 1.84089 1.57658 1.7313 -1.03857 -4.38549 -1.83511 -1.83738 -1.40957 
Printing bandwidth info:
0 89 88 70 98 101 100 97 99 46 100 92 19 22 30 63 23 41 44 
89 0 100 101 101 102 101 96 101 69 100 101 32 26 35 60 28 52 50 
88 100 0 101 98 100 99 96 98 58 100 100 29 25 37 71 25 56 40 
70 101 101 0 100 90 95 98 78 49 75 100 27 20 34 75 23 53 49 
98 101 98 100 0 76 53 96 99 56 92 100 27 0 38 51 23 59 53 
101 102 100 90 76 0 100 90 100 57 85 100 33 0 36 53 25 57 48 
100 101 99 95 53 100 0 77 99 70 101 100 25 26 39 47 27 64 49 
97 96 96 98 96 90 77 0 101 69 101 94 0 36 0 50 26 56 61 
99 101 98 78 99 100 99 101 0 43 83 90 27 35 30 50 35 43 57 
46 69 58 49 56 57 70 69 43 0 51 51 85 93 86 56 62 94 101 
100 100 100 75 92 85 101 101 83 51 0 87 30 30 59 52 27 50 50 
92 101 100 100 100 100 100 94 90 51 87 0 24 34 44 55 39 47 80 
19 32 29 27 27 33 25 0 27 85 30 24 0 71 96 59 68 79 101 
22 26 25 20 0 0 26 36 35 93 30 34 71 0 101 59 67 87 101 
30 35 37 34 38 36 39 0 30 86 59 44 96 101 0 65 77 100 102 
63 60 71 75 51 53 47 50 50 56 52 55 59 59 65 0 65 65 44 
23 28 25 23 23 25 27 26 35 62 27 39 68 67 77 65 0 102 84 
41 52 56 53 59 57 64 56 43 94 50 47 79 87 100 65 102 0 101 
44 50 40 49 53 48 49 61 57 101 50 80 101 101 102 44 84 101 0 

Nodes
1 2 3 4 6 7 9 11 12 13 15 16 17 19 21 22 23 24 25 
csews1 csews2 csews3 csews4 csews6 csews7 csews9 csews11 csews12 csews13 csews15 csews16 csews17 csews19 csews21 csews22 csews23 csews24 csews25 
Total power of 1 is -nan
Total power of 2 is -nan
Total power of 3 is -nan
Total power of 4 is -nan
Total power of 6 is -nan
Total power of 7 is -nan
Total power of 9 is -nan
Total power of 11 is -nan
Total power of 12 is -nan
Total power of 13 is -nan
Total power of 15 is -nan
Total power of 16 is -nan
Total power of 17 is -nan
Total power of 19 is -nan
Total power of 21 is -nan
Total power of 22 is -nan
Total power of 23 is -nan
Total power of 24 is -nan
Total power of 25 is -nan
Max:-1 0
1 6

csews1 csews2 csews3 csews4 csews5 csews6 csews7 csews9 csews11 csews12 csews13 csews15 csews16 csews17 csews19 csews21 csews22 csews23 csews24 csews25 
Number of hosts: 20

Duration: 2
-4.67247 -2.01172 -1.94079 0.547015 2.47169 -0.69099 -1.30092 2.57958 4.25118 2.33287 3.38261 2.54042 2.18094 2.4434 -1.03847 -4.90418 -1.49232 -1.95837 -1.69111 
Printing bandwidth info:
0 89 88 101 98 101 100 97 56 63 99 100 19 22 30 95 23 63 44 
89 0 100 101 101 102 101 96 52 57 99 100 32 26 35 75 28 65 50 
88 100 0 101 98 100 99 96 96 51 101 99 29 25 37 77 25 66 40 
101 101 101 0 100 90 95 98 77 73 80 100 27 20 34 98 23 70 49 
98 101 98 100 0 76 53 96 74 67 100 87 27 0 38 65 23 64 53 
101 102 100 90 76 0 100 90 90 43 81 97 33 0 36 50 25 54 48 
100 101 99 95 53 100 0 77 89 62 101 100 25 26 39 68 27 64 49 
97 96 96 98 96 90 77 0 91 49 101 99 0 36 0 72 26 56 61 
56 52 96 77 74 90 89 91 0 41 97 95 27 35 30 32 35 43 57 
63 57 51 73 67 43 62 49 41 0 97 67 85 93 86 50 62 94 101 
99 99 101 80 100 81 101 101 97 97 0 86 30 30 59 70 27 50 50 
100 100 99 100 87 97 100 99 95 67 86 0 24 34 44 56 39 47 80 
19 32 29 27 27 33 25 0 27 85 30 24 0 71 96 58 68 79 101 
22 26 25 20 0 0 26 36 35 93 30 34 71 0 101 69 67 87 101 
30 35 37 34 38 36 39 0 30 86 59 44 96 101 0 59 77 100 102 
95 75 77 98 65 50 68 72 32 50 70 56 58 69 59 0 65 65 44 
23 28 25 23 23 25 27 26 35 62 27 39 68 67 77 65 0 102 84 
63 65 66 70 64 54 64 56 43 94 50 47 79 87 100 65 102 0 101 
44 50 40 49 53 48 49 61 57 101 50 80 101 101 102 44 84 101 0 

Nodes
1 2 3 4 6 7 9 11 12 13 15 16 17 19 21 22 23 24 25 
csews1 csews2 csews3 csews4 csews6 csews7 csews9 csews11 csews12 csews13 csews15 csews16 csews17 csews19 csews21 csews22 csews23 csews24 csews25 
Total power of 1 is -1.8688
Total power of 2 is -0.804607
Total power of 3 is -0.776239
Total power of 4 is 0.218784
Total power of 6 is 0.988576
Total power of 7 is -0.276368
Total power of 9 is -0.520318
Total power of 11 is 1.03173
Total power of 12 is 1.7003
Total power of 13 is 0.933053
Total power of 15 is 1.35291
Total power of 16 is 1.01606
Total power of 17 is 0.872288
Total power of 19 is 0.977264
Total power of 21 is -0.415346
Total power of 22 is -1.96148
Total power of 23 is -0.596867
Total power of 24 is -0.78327
Total power of 25 is -0.676378
Max:1.7003 8
12 6

csews1 csews2 csews3 csews4 csews5 csews6 csews7 csews9 csews11 csews12 csews13 csews15 csews16 csews17 csews19 
Number of hosts: 15

Duration: 1
-14.9018 -6.63359 -6.35105 -2.74009 4.25121 -4.61634 -6.50272 4.41185 8.69267 3.45191 8.91581 4.73037 3.84551 4.20017 
Printing bandwidth info:
0 89 88 101 98 101 100 97 56 63 99 100 19 22 
89 0 100 101 101 102 101 96 52 57 99 100 32 26 
88 100 0 101 98 100 99 96 96 51 101 99 29 25 
101 101 101 0 100 90 95 98 77 73 80 100 27 20 
98 101 98 100 0 76 53 96 74 67 100 87 27 0 
101 102 100 90 76 0 100 90 90 43 81 97 33 0 
100 101 99 95 53 100 0 77 89 62 101 100 25 26 
97 96 96 98 96 90 77 0 91 49 101 99 0 36 
56 52 96 77 74 90 89 91 0 41 97 95 27 35 
63 57 51 73 67 43 62 49 41 0 97 67 85 93 
99 99 101 80 100 81 101 101 97 97 0 86 30 30 
100 100 99 100 87 97 100 99 95 67 86 0 24 34 
19 32 29 27 27 33 25 0 27 85 30 24 0 71 
22 26 25 20 0 0 26 36 35 93 30 34 71 0 

Nodes
1 2 3 4 6 7 9 11 12 13 15 16 17 19 
csews1 csews2 csews3 csews4 csews6 csews7 csews9 csews11 csews12 csews13 csews15 csews16 csews17 csews19 
Total power of 1 is -0.993434
Total power of 2 is -0.442232
Total power of 3 is -0.423396
Total power of 4 is -0.182669
Total power of 6 is 0.283409
Total power of 7 is -0.307751
Total power of 9 is -0.433507
Total power of 11 is 0.294118
Total power of 12 is 0.579501
Total power of 13 is 0.230123
Total power of 15 is 0.594378
Total power of 16 is 0.315352
Total power of 17 is 0.256363
Total power of 19 is 0.280006
Max:0.594378 10
15 6

csews1 csews2 csews3 csews4 csews5 csews6 csews7 csews9 csews11 csews12 csews13 csews15 csews16 csews17 csews19 csews21 csews22 csews23 csews24 csews25 
Number of hosts: 20

Duration: 3
-0.760833 -2.98465 -1.81493 -0.229615 2.12247 -0.832778 -1.57315 2.57765 3.42173 2.79477 2.77653 2.53338 2.1773 2.26584 -0.986458 -5.20252 -2.22653 -1.30413 -1.74748 
Printing bandwidth info:
0 89 88 101 98 101 100 97 71 50 72 100 19 22 30 60 23 71 44 
89 0 100 101 101 102 101 96 70 52 86 100 32 26 35 49 28 73 50 
88 100 0 62 98 100 99 96 83 62 98 100 29 25 37 76 25 38 40 
101 101 62 0 100 90 95 98 53 33 79 101 27 20 34 64 23 32 49 
98 101 98 100 0 76 53 96 68 44 96 100 27 0 38 65 23 54 53 
101 102 100 90 76 0 100 90 82 65 99 100 33 0 36 93 25 56 48 
100 101 99 95 53 100 0 77 57 51 100 100 25 26 39 66 27 52 49 
97 96 96 98 96 90 77 0 74 53 100 100 0 36 0 74 26 61 61 
71 70 83 53 68 82 57 74 0 26 67 70 27 35 30 26 35 28 57 
50 52 62 33 44 65 51 53 26 0 69 64 85 93 86 49 62 79 101 
72 86 98 79 96 99 100 100 67 69 0 100 30 30 59 59 27 57 50 
100 100 100 101 100 100 100 100 70 64 100 0 24 34 44 60 39 43 80 
19 32 29 27 27 33 25 0 27 85 30 24 0 71 96 55 68 84 101 
22 26 25 20 0 0 26 36 35 93 30 34 71 0 101 66 67 95 101 
30 35 37 34 38 36 39 0 30 86 59 44 96 101 0 52 77 101 102 
60 49 76 64 65 93 66 74 26 49 59 60 55 66 52 0 65 98 44 
23 28 25 23 23 25 27 26 35 62 27 39 68 67 77 65 0 101 84 
71 73 38 32 54 56 52 61 28 79 57 43 84 95 101 98 101 0 101 
44 50 40 49 53 48 49 61 57 101 50 80 101 101 102 44 84 101 0 

Nodes
1 2 3 4 6 7 9 11 12 13 15 16 17 19 21 22 23 24 25 
csews1 csews2 csews3 csews4 csews6 csews7 csews9 csews11 csews12 csews13 csews15 csews16 csews17 csews19 csews21 csews22 csews23 csews24 csews25 
Total power of 1 is -3043.33
Total power of 2 is -11938.6
Total power of 3 is -7259.72
Total power of 4 is -918.459
Total power of 6 is 8489.87
Total power of 7 is -3331.11
Total power of 9 is -6292.59
Total power of 11 is 10310.6
Total power of 12 is 13686.9
Total power of 13 is 11179.1
Total power of 15 is 11106.1
Total power of 16 is 10133.5
Total power of 17 is 8709.2
Total power of 19 is 9063.35
Total power of 21 is -3945.83
Total power of 22 is -20810.1
Total power of 23 is -8906.1
Total power of 24 is -5216.53
Total power of 25 is -6989.93
Max:13686.9 8
12 6

csews1 csews2 csews3 csews4 csews5 csews6 csews7 csews9 csews11 csews12 csews13 csews15 csews16 csews17 csews19 csews21 csews22 csews23 csews24 csews25 
Number of hosts: 20

Duration: 4
-1.93255 -2.96432 -2.02653 -1.23971 2.30655 -0.713074 -1.16182 2.47217 6.05484 2.98264 1.95475 3.17228 2.21223 2.37198 -1.47819 -4.49027 -2.47701 -2.12799 -1.85054 
Printing bandwidth info:
0 89 88 101 98 101 100 97 71 59 72 78 19 22 30 73 23 58 44 
89 0 100 101 101 102 101 96 70 32 86 100 32 26 35 93 28 43 50 
88 100 0 62 98 100 99 96 83 50 98 100 29 25 37 78 25 76 40 
101 101 62 0 100 90 95 98 53 36 79 100 27 20 34 76 23 63 49 
98 101 98 100 0 76 53 96 68 46 96 100 27 0 38 94 23 43 53 
101 102 100 90 76 0 100 90 82 52 99 100 33 0 36 84 25 62 48 
100 101 99 95 53 100 0 77 57 54 100 100 25 26 39 70 27 45 49 
97 96 96 98 96 90 77 0 74 57 100 100 0 36 0 74 26 38 61 
71 70 83 53 68 82 57 74 0 50 67 70 27 35 30 26 35 54 57 
59 32 50 36 46 52 54 57 50 0 69 64 85 93 86 49 62 93 101 
72 86 98 79 96 99 100 100 67 69 0 100 30 30 59 59 27 54 50 
78 100 100 100 100 100 100 100 70 64 100 0 24 34 44 60 39 51 80 
19 32 29 27 27 33 25 0 27 85 30 24 0 71 96 55 68 96 101 
22 26 25 20 0 0 26 36 35 93 30 34 71 0 101 66 67 88 101 
30 35 37 34 38 36 39 0 30 86 59 44 96 101 0 52 77 100 102 
73 93 78 76 94 84 70 74 26 49 59 60 55 66 52 0 65 56 44 
23 28 25 23 23 25 27 26 35 62 27 39 68 67 77 65 0 101 84 
58 43 76 63 43 62 45 38 54 93 54 51 96 88 100 56 101 0 101 
44 50 40 49 53 48 49 61 57 101 50 80 101 101 102 44 84 101 0 

Nodes
1 2 3 4 6 7 9 11 12 13 15 16 17 19 21 22 23 24 25 
csews1 csews2 csews3 csews4 csews6 csews7 csews9 csews11 csews12 csews13 csews15 csews16 csews17 csews19 csews21 csews22 csews23 csews24 csews25 
Total power of 1 is -7730.19
Total power of 2 is -11857.3
Total power of 3 is -8106.12
Total power of 4 is -4958.84
Total power of 6 is 9226.21
Total power of 7 is -2852.3
Total power of 9 is -4647.3
Total power of 11 is 9888.66
Total power of 12 is 24219.4
Total power of 13 is 11930.6
Total power of 15 is 7819
Total power of 16 is 12689.1
Total power of 17 is 8848.93
Total power of 19 is 9487.92
Total power of 21 is -5912.77
Total power of 22 is -17961.1
Total power of 23 is -9908.05
Total power of 24 is -8511.97
Total power of 25 is -7402.17
Max:24219.4 8
12 6

csews1 csews2 csews3 csews4 csews5 csews6 csews7 csews9 csews11 csews12 csews13 csews15 csews16 csews17 csews19 csews21 csews22 csews23 csews24 csews25 
Number of hosts: 20
1

Duration: 5
-3.20908 -1.60281 -1.31958 0.248573 1.99826 -0.554476 -1.25397 1.92121 3.74235 1.97808 3.35242 2.06232 1.80127 1.89706 -1.13922 -4.48838 -1.8856 -0.972394 -1.55816 
Printing bandwidth info:
0 89 88 101 98 101 100 97 71 59 72 78 19 22 30 73 23 58 44 
89 0 100 101 101 102 101 96 70 32 86 100 32 26 35 93 28 43 50 
88 100 0 62 98 100 99 96 83 50 98 100 29 25 37 78 25 76 40 
101 101 62 0 100 90 95 98 53 36 79 100 27 20 34 76 23 63 49 
98 101 98 100 0 76 53 96 68 46 96 100 27 0 38 94 23 43 53 
101 102 100 90 76 0 100 90 82 52 99 100 33 0 36 84 25 62 48 
100 101 99 95 53 100 0 77 57 54 100 100 25 26 39 70 27 45 49 
97 96 96 98 96 90 77 0 74 57 100 100 0 36 0 74 26 38 61 
71 70 83 53 68 82 57 74 0 50 67 70 27 35 30 26 35 54 57 
59 32 50 36 46 52 54 57 50 0 69 64 85 93 86 49 62 93 101 
72 86 98 79 96 99 100 100 67 69 0 100 30 30 59 59 27 54 50 
78 100 100 100 100 100 100 100 70 64 100 0 24 34 44 60 39 51 80 
19 32 29 27 27 33 25 0 27 85 30 24 0 71 96 55 68 96 101 
22 26 25 20 0 0 26 36 35 93 30 34 71 0 101 66 67 88 101 
30 35 37 34 38 36 39 0 30 86 59 44 96 101 0 52 77 100 102 
73 93 78 76 94 84 70 74 26 49 59 60 55 66 52 0 65 56 44 
23 28 25 23 23 25 27 26 35 62 27 39 68 67 77 65 0 101 84 
58 43 76 63 43 62 45 38 54 93 54 51 96 88 100 56 101 0 101 
44 50 40 49 53 48 49 61 57 101 50 80 101 101 102 44 84 101 0 

Nodes
1 2 3 4 6 7 9 11 12 13 15 16 17 19 21 22 23 24 25 
csews1 csews2 csews3 csews4 csews6 csews7 csews9 csews11 csews12 csews13 csews15 csews16 csews17 csews19 csews21 csews22 csews23 csews24 csews25 
Total power of 1 is 0.0658689
Total power of 2 is 0.00405147
Total power of 3 is 0.135815
Total power of 4 is 0.215841
Total power of 6 is -0.0115046
Total power of 7 is -0.0537038
Total power of 9 is 0.0980255
Total power of 11 is -0.0312799
Total power of 12 is -0.0529727
Total power of 13 is -0.0671605
Total power of 15 is -0.0623421
Total power of 16 is 0.0933355
Total power of 17 is 0.0447523
Total power of 19 is -0.137687
Total power of 21 is 0.145317
Total power of 22 is 0.279785
Total power of 23 is 0.112817
Total power of 24 is -0.0148689
Total power of 25 is 0.268639
Max:0.279785 15
22 1
3 1

csews1 csews2 csews3 csews4 csews5 csews6 csews7 csews9 csews11 csews12 csews13 csews15 csews16 
Number of hosts: 13
1

Duration: 1
-0.167159 -0.0428734 -0.0443441 0.0385283 0.0690504 -0.0246046 -0.050187 0.105973 0.413333 0.10662 0.304673 0.287928 
Printing bandwidth info:
0 89 88 101 98 101 100 97 92 42 60 100 
89 0 100 102 101 102 101 96 85 45 99 94 
88 100 0 89 98 100 99 96 85 42 64 100 
101 102 89 0 100 90 95 98 74 40 100 88 
98 101 98 100 0 76 53 96 79 53 100 100 
101 102 100 90 76 0 100 90 72 44 101 96 
100 101 99 95 53 100 0 77 93 49 100 81 
97 96 96 98 96 90 77 0 95 56 100 100 
92 85 85 74 79 72 93 95 0 65 94 91 
42 45 42 40 53 44 49 56 65 0 53 43 
60 99 64 100 100 101 100 100 94 53 0 95 
100 94 100 88 100 96 81 100 91 43 95 0 

Nodes
1 2 3 4 6 7 9 11 12 13 15 16 
csews1 csews2 csews3 csews4 csews6 csews7 csews9 csews11 csews12 csews13 csews15 csews16 
Total power of 1 is -392.374
Total power of 2 is 255.016
Total power of 3 is -378.062
Total power of 4 is -46.575
Total power of 6 is 1929.59
Total power of 7 is 328.091
Total power of 9 is 75.4869
Total power of 11 is 1575.67
Total power of 12 is 2077.28
Total power of 13 is 1645.21
Total power of 15 is 1642.65
Total power of 16 is 1575.67
Max:2077.28 8
12 1
13 1

csews1 csews2 csews3 csews4 csews5 csews6 csews7 csews9 csews11 csews12 csews13 csews15 csews16 csews17 csews19 csews21 csews22 csews23 csews24 csews25 
Number of hosts: 20
1

Duration: 5
-0.0199847 0.0475848 -0.0123453 0.161876 0.0511266 -0.00169163 -0.0187213 0.076699 0.305762 0.0939375 0.130933 0.0872362 0.0375074 0.040007 -0.0206946 -0.0638677 -0.0404742 0.164602 -0.0153067 
Printing bandwidth info:
0 89 88 94 98 101 100 97 80 58 47 100 19 22 30 55 23 98 44 
89 0 100 96 101 102 101 96 75 48 99 100 32 26 35 57 28 98 50 
88 100 0 93 98 100 99 96 93 61 100 93 29 25 37 49 25 97 40 
94 96 93 0 100 90 95 98 55 35 101 70 27 20 34 45 23 98 49 
98 101 98 100 0 76 53 96 72 47 100 100 27 0 38 49 23 97 53 
101 102 100 90 76 0 100 90 86 54 101 100 33 0 36 42 25 98 48 
100 101 99 95 53 100 0 77 87 57 101 100 25 26 39 54 27 99 49 
97 96 96 98 96 90 77 0 74 59 101 100 0 36 0 52 26 97 61 
80 75 93 55 72 86 87 74 0 56 99 84 27 35 30 42 35 97 57 
58 48 61 35 47 54 57 59 56 0 98 54 85 93 86 73 62 102 101 
47 99 100 101 100 101 101 101 99 98 0 96 30 30 59 64 27 97 50 
100 100 93 70 100 100 100 100 84 54 96 0 24 34 44 50 39 97 80 
19 32 29 27 27 33 25 0 27 85 30 24 0 71 96 97 68 101 101 
22 26 25 20 0 0 26 36 35 93 30 34 71 0 101 88 67 99 101 
30 35 37 34 38 36 39 0 30 86 59 44 96 101 0 60 77 101 102 
55 57 49 45 49 42 54 52 42 73 64 50 97 88 60 0 65 98 44 
23 28 25 23 23 25 27 26 35 62 27 39 68 67 77 65 0 102 84 
98 98 97 98 97 98 99 97 97 102 97 97 101 99 101 98 102 0 101 
44 50 40 49 53 48 49 61 57 101 50 80 101 101 102 44 84 101 0 

Nodes
1 2 3 4 6 7 9 11 12 13 15 16 17 19 21 22 23 24 25 
csews1 csews2 csews3 csews4 csews6 csews7 csews9 csews11 csews12 csews13 csews15 csews16 csews17 csews19 csews21 csews22 csews23 csews24 csews25 
Total power of 1 is 289.292
Total power of 2 is 424.431
Total power of 3 is 149.837
Total power of 4 is 293.167
Total power of 6 is 98.9152
Total power of 7 is -131.094
Total power of 9 is -165.146
Total power of 11 is 764.966
Total power of 12 is 935.307
Total power of 13 is 283.073
Total power of 15 is 224.483
Total power of 16 is 93.5471
Total power of 17 is 404.278
Total power of 19 is 49.4607
Total power of 21 is 287.874
Total power of 22 is 46.7668
Total power of 23 is 14.2379
Total power of 24 is 298.65
Total power of 25 is -158.322
Max:935.307 8
12 1
4 1

csews1 csews2 csews3 csews4 csews5 csews6 csews7 csews9 csews11 csews12 csews13 csews15 csews16 csews17 csews19 csews21 csews22 csews23 csews24 csews25 
Number of hosts: 20
1

Duration: 4
-0.0621173 -0.0248069 -0.0264375 0.101826 0.0744133 0.0413612 0.035657 0.0953378 0.34519 0.139128 0.191906 0.141241 0.0360104 0.0329979 -0.0225336 0.0155534 -0.0494479 -0.0251466 -0.0368448 
Printing bandwidth info:
0 89 88 101 98 101 100 97 66 80 100 100 19 22 30 72 23 68 44 
89 0 100 101 101 102 101 96 61 65 99 101 32 26 35 67 28 74 50 
88 100 0 101 98 100 99 96 58 59 93 99 29 25 37 69 25 99 40 
101 101 101 0 100 90 95 98 37 71 85 83 27 20 34 32 23 99 49 
98 101 98 100 0 76 53 96 59 61 90 71 27 0 38 60 23 97 53 
101 102 100 90 76 0 100 90 57 80 101 100 33 0 36 65 25 99 48 
100 101 99 95 53 100 0 77 63 60 100 101 25 26 39 64 27 97 49 
97 96 96 98 96 90 77 0 76 54 101 99 0 36 0 64 26 83 61 
66 61 58 37 59 57 63 76 0 42 45 65 27 35 30 31 35 61 57 
80 65 59 71 61 80 60 54 42 0 44 52 85 93 86 62 62 100 101 
100 99 93 85 90 101 100 101 45 44 0 96 30 30 59 71 27 74 50 
100 101 99 83 71 100 101 99 65 52 96 0 24 34 44 84 39 74 80 
19 32 29 27 27 33 25 0 27 85 30 24 0 71 96 75 68 100 101 
22 26 25 20 0 0 26 36 35 93 30 34 71 0 101 79 67 62 101 
30 35 37 34 38 36 39 0 30 86 59 44 96 101 0 78 77 100 102 
72 67 69 32 60 65 64 64 31 62 71 84 75 79 78 0 65 79 44 
23 28 25 23 23 25 27 26 35 62 27 39 68 67 77 65 0 101 84 
68 74 99 99 97 99 97 83 61 100 74 74 100 62 100 79 101 0 101 
44 50 40 49 53 48 49 61 57 101 50 80 101 101 102 44 84 101 0 

Nodes
1 2 3 4 6 7 9 11 12 13 15 16 17 19 21 22 23 24 25 
csews1 csews2 csews3 csews4 csews6 csews7 csews9 csews11 csews12 csews13 csews15 csews16 csews17 csews19 csews21 csews22 csews23 csews24 csews25 
0 -291.194 0.0205607
1 112.035 0.0299065
2 -512.444 0.0934579
3 2409.54 0.0663551
4 1157.75 0.071028
5 743.592 0
6 716.675 0.0233645
7 728.042 0
8 2957.42 0.0327103
9 1751.39 0.0794392
10 1550.61 0.046729
11 917.929 0.0364486
12 108.639 0.0934579
13 1721.26 0.0869159
14 -476.801 0.0934579
15 -69.8019 0.0728972
16 -137.909 0.0252336
17 -619.914 0.0943925
18 -212.914 0.0411215
Total power of 1 is -58.2223
Total power of 2 is 22.4309
Total power of 3 is -102.414
Total power of 4 is 481.962
Total power of 6 is 231.606
Total power of 7 is 148.718
Total power of 9 is 143.354
Total power of 11 is 145.608
Total power of 12 is 591.51
Total power of 13 is 350.341
Total power of 15 is 310.16
Total power of 16 is 183.615
Total power of 17 is 21.8025
Total power of 19 is 344.322
Total power of 21 is -95.2855
Total power of 22 is -13.9021
Total power of 23 is -27.5616
Total power of 24 is -123.907
Total power of 25 is -42.55
Max:591.51 8
12 1
23 1

csews1 csews2 csews3 csews4 csews5 csews6 csews7 csews9 csews11 csews12 csews13 csews15 csews16 csews17 csews19 csews21 csews22 csews23 csews24 csews25 
Number of hosts: 20
1

Duration: 5
-0.0414589 -0.010102 0.0127205 0.0588818 0.0618675 0.0175724 0.050555 0.0908033 0.284017 0.120555 0.075305 0.163447 0.0381168 0.0398084 -0.00608252 0.0148018 -0.032665 0.0773379 -0.0117834 
Printing bandwidth info:
0 89 88 101 98 101 100 97 60 74 88 101 19 22 30 84 23 59 44 
89 0 100 101 101 102 101 96 64 71 94 100 32 26 35 87 28 50 50 
88 100 0 101 98 100 99 96 70 73 100 100 29 25 37 99 25 70 40 
101 101 101 0 100 90 95 98 70 91 101 80 27 20 34 95 23 62 49 
98 101 98 100 0 76 53 96 91 64 79 100 27 0 38 85 23 57 53 
101 102 100 90 76 0 100 90 52 80 101 100 33 0 36 65 25 56 48 
100 101 99 95 53 100 0 77 72 78 101 100 25 26 39 63 27 52 49 
97 96 96 98 96 90 77 0 72 67 101 99 0 36 0 50 26 86 61 
60 64 70 70 91 52 72 72 0 59 47 100 27 35 30 47 35 80 57 
74 71 73 91 64 80 78 67 59 0 56 52 85 93 86 67 62 100 101 
88 94 100 101 79 101 101 101 47 56 0 96 30 30 59 50 27 97 50 
101 100 100 80 100 100 100 99 100 52 96 0 24 34 44 42 39 74 80 
19 32 29 27 27 33 25 0 27 85 30 24 0 71 96 62 68 100 101 
22 26 25 20 0 0 26 36 35 93 30 34 71 0 101 66 67 99 101 
30 35 37 34 38 36 39 0 30 86 59 44 96 101 0 60 77 101 102 
84 87 99 95 85 65 63 50 47 67 50 42 62 66 60 0 65 98 44 
23 28 25 23 23 25 27 26 35 62 27 39 68 67 77 65 0 101 84 
59 50 70 62 57 56 52 86 80 100 97 74 100 99 101 98 101 0 101 
44 50 40 49 53 48 49 61 57 101 50 80 101 101 102 44 84 101 0 

Nodes
1 2 3 4 6 7 9 11 12 13 15 16 17 19 21 22 23 24 25 
csews1 csews2 csews3 csews4 csews6 csews7 csews9 csews11 csews12 csews13 csews15 csews16 csews17 csews19 csews21 csews22 csews23 csews24 csews25 
0 358.791 0.0490849
1 297.064 0.0216306
2 275.223 0.0823627
3 1496.85 0.0815308
4 794.399 0.0632279
5 573.808 0
6 886.718 0.0207987
7 790.199 0.0507487
8 3593.22 0.0391015
9 1381.28 0.0665557
10 1258.6 0.0840266
11 1307.82 0.0324459
12 54.5179 0.0565724
13 280.25 0.0840266
14 712.554 0.0840266
15 529.186 0.0515807
16 -150.926 0.0207987
17 655.546 0.0840266
18 30.1843 0.0366057
Total power of 1 is 71.7974
Total power of 2 is 59.43
Total power of 3 is 55.1105
Total power of 4 is 299.435
Total power of 6 is 158.93
Total power of 7 is 114.762
Total power of 9 is 177.36
Total power of 11 is 158.08
Total power of 12 is 718.676
Total power of 13 is 276.309
Total power of 15 is 251.787
Total power of 16 is 261.589
Total power of 17 is 10.9488
Total power of 19 is 56.1172
Total power of 21 is 142.578
Total power of 22 is 105.878
Total power of 23 is -30.1685
Total power of 24 is 131.176
Total power of 25 is 6.06614
Max:718.676 8
12 1
15 1

csews1 csews2 csews3 csews4 csews5 csews6 csews7 csews9 csews11 csews12 csews13 csews15 csews16 csews17 csews19 csews21 csews22 csews23 csews24 csews25 
Number of hosts: 20
1

Duration: 1
-0.0458543 -0.0136186 -0.0171062 0.149107 0.0592052 0.0173297 0.0168923 0.0860248 0.304608 0.10711 0.112739 0.125795 0.0407982 0.0417471 0.00618008 0.0657182 -0.0409812 0.0111115 -0.0228724 
Printing bandwidth info:
0 89 88 101 98 101 100 97 97 74 88 101 19 22 30 84 23 52 44 
89 0 100 101 101 102 101 96 97 71 94 100 32 26 35 87 28 62 50 
88 100 0 101 98 100 99 96 97 73 100 100 29 25 37 99 25 79 40 
101 101 101 0 100 90 95 98 99 91 101 101 27 20 34 95 23 78 49 
98 101 98 100 0 76 53 96 98 64 79 100 27 0 38 85 23 56 53 
101 102 100 90 76 0 100 90 85 80 101 100 33 0 36 65 25 58 48 
100 101 99 95 53 100 0 77 81 78 101 100 25 26 39 63 27 48 49 
97 96 96 98 96 90 77 0 91 67 101 99 0 36 0 50 26 50 61 
97 97 97 99 98 85 81 91 0 59 47 84 27 35 30 47 35 49 57 
74 71 73 91 64 80 78 67 59 0 56 44 85 93 86 67 62 99 101 
88 94 100 101 79 101 101 101 47 56 0 75 30 30 59 50 27 97 50 
101 100 100 101 100 100 100 99 84 44 75 0 24 34 44 42 39 74 80 
19 32 29 27 27 33 25 0 27 85 30 24 0 71 96 62 68 100 101 
22 26 25 20 0 0 26 36 35 93 30 34 71 0 101 66 67 99 101 
30 35 37 34 38 36 39 0 30 86 59 44 96 101 0 60 77 101 102 
84 87 99 95 85 65 63 50 47 67 50 42 62 66 60 0 65 98 44 
23 28 25 23 23 25 27 26 35 62 27 39 68 67 77 65 0 101 84 
52 62 79 78 56 58 48 50 49 99 97 74 100 99 101 98 101 0 101 
44 50 40 49 53 48 49 61 57 101 50 80 101 101 102 44 84 101 0 

Nodes
1 2 3 4 6 7 9 11 12 13 15 16 17 19 21 22 23 24 25 
csews1 csews2 csews3 csews4 csews6 csews7 csews9 csews11 csews12 csews13 csews15 csews16 csews17 csews19 csews21 csews22 csews23 csews24 csews25 
0 -396.743 0.0275735
1 281.285 0.0238971
2 956.332 0.0919117
3 1602.19 0.0716912
4 765.349 0.0698529
5 590.768 0
6 280.038 0.0441176
7 450.435 0.0238971
8 3703.26 0.0431985
9 900.039 0.0670956
10 898.67 0.0459559
11 848.141 0.0358456
12 -1.82999 0.0625
13 188.747 0.0928309
14 172.915 0.0928309
15 1065.16 0.0569853
16 -236.515 0.0229779
17 -117.609 0.0928309
18 428.458 0.0404412
Total power of 1 is -79.3264
Total power of 2 is 56.2761
Total power of 3 is 191.34
Total power of 4 is 320.495
Total power of 6 is 153.126
Total power of 7 is 118.154
Total power of 9 is 56.0428
Total power of 11 is 90.1062
Total power of 12 is 740.687
Total power of 13 is 180.061
Total power of 15 is 179.771
Total power of 16 is 169.657
Total power of 17 is -0.315999
Total power of 19 is 37.8237
Total power of 21 is 34.6573
Total power of 22 is 213.078
Total power of 23 is -47.2846
Total power of 24 is -23.4475
Total power of 25 is 85.724
Max:740.687 8
12 1
22 1

csews1 csews2 csews3 csews4 csews5 csews6 csews7 csews9 csews11 csews12 csews13 csews15 csews16 csews17 csews19 csews21 csews22 csews23 
Number of hosts: 18
1

Duration: 3
comp_power0x7fffd6b9a160
comp_power0x7fffd6b9a160
comp_power0x7fffd6b9a160
comp_power0x7fffd6b9a160
comp_power0x7fffd6b9a160
comp_power0x7fffd6b9a160
comp_power0x7fffd6b9a160
comp_power0x7fffd6b9a160
comp_power0x7fffd6b9a160
comp_power0x7fffd6b9a160
comp_power0x7fffd6b9a160
comp_power0x7fffd6b9a160
comp_power0x7fffd6b9a160
comp_power0x7fffd6b9a160
comp_power0x7fffd6b9a160
comp_power0x7fffd6b9a160
comp_power0x7fffd6b9a160
comp_power0x7fffd6b9a160
comp_power0x7fffd6b9a160
comp_power0x7fffd6b9a160
comp_power0x7fffd6b9a160
comp_power0x7fffd6b9a160
comp_power0x7fffd6b9a160
comp_power0x7fffd6b9a160
comp_power0x7fffd6b9a160
comp_power0x7fffd6b9a160
comp_power0x7fffd6b9a160
comp_power0x7fffd6b9a160
comp_power0x7fffd6b9a160
comp_power0x7fffd6b9a160
comp_power0x7fffd6b9a160
comp_power0x7fffd6b9a160
comp_power0x7fffd6b9a160
comp_power0x7fffd6b9a160
comp_power0x7fffd6b9a160
comp_power0x7fffd6b9a160
comp_power0x7fffd6b9a160
comp_power0x7fffd6b9a160
comp_power0x7fffd6b9a160
comp_power0x7fffd6b9a160
comp_power0x7fffd6b9a160
comp_power0x7fffd6b9a160
comp_power0x7fffd6b9a160
comp_power0x7fffd6b9a160
comp_power0x7fffd6b9a160
comp_power0x7fffd6b9a160
comp_power0x7fffd6b9a160
comp_power0x7fffd6b9a160
comp_power0x7fffd6b9a160
comp_power0x7fffd6b9a160
comp_power0x7fffd6b9a160
comp_power0x7fffd6b9a160
comp_power0x7fffd6b9a160
comp_power0x7fffd6b9a160
comp_power0x7fffd6b9a160
comp_power0x7fffd6b9a160
comp_power0x7fffd6b9a160
comp_power0x7fffd6b9a160
comp_power0x7fffd6b9a160
comp_power0x7fffd6b9a160
comp_power0x7fffd6b9a160
comp_power0x7fffd6b9a160
comp_power0x7fffd6b9a160
comp_power0x7fffd6b9a160
comp_power0x7fffd6b9a160
comp_power0x7fffd6b9a160
comp_power0x7fffd6b9a160
comp_power0x7fffd6b9a160
comp_power0x7fffd6b9a160
comp_power0x7fffd6b9a160
comp_power0x7fffd6b9a160
comp_power0x7fffd6b9a160
comp_power0x7fffd6b9a160
comp_power0x7fffd6b9a160
comp_power0x7fffd6b9a160
comp_power0x7fffd6b9a160
comp_power0x7fffd6b9a160
comp_power0x7fffd6b9a160
comp_power0x7fffd6b9a160
comp_power0x7fffd6b9a160
comp_power0x7fffd6b9a160
comp_power0x7fffd6b9a160
comp_power0x7fffd6b9a160
comp_power0x7fffd6b9a160
comp_power0x7fffd6b9a160
comp_power0x7fffd6b9a160
comp_power0x7fffd6b9a160
comp_power0x7fffd6b9a160
comp_power0x7fffd6b9a160
comp_power0x7fffd6b9a160
comp_power0x7fffd6b9a160
comp_power0x7fffd6b9a160
comp_power0x7fffd6b9a160
comp_power0x7fffd6b9a160
comp_power0x7fffd6b9a160
comp_power0x7fffd6b9a160
comp_power0x7fffd6b9a160
comp_power0x7fffd6b9a160
comp_power0x7fffd6b9a160
comp_power0x7fffd6b9a160
comp_power0x7fffd6b9a160
comp_power0x7fffd6b9a160
comp_power0x7fffd6b9a160
comp_power0x7fffd6b9a160
comp_power0x7fffd6b9a160
comp_power0x7fffd6b9a160
comp_power0x7fffd6b9a160
comp_power0x7fffd6b9a160
comp_power0x7fffd6b9a160
comp_power0x7fffd6b9a160
comp_power0x7fffd6b9a160
comp_power0x7fffd6b9a160
comp_power0x7fffd6b9a160
comp_power0x7fffd6b9a160
comp_power0x7fffd6b9a160
comp_power0x7fffd6b9a160
comp_power0x7fffd6b9a160
comp_power0x7fffd6b9a160
comp_power0x7fffd6b9a160
comp_power0x7fffd6b9a160
comp_power0x7fffd6b9a160
comp_power0x7fffd6b9a160
comp_power0x7fffd6b9a160
comp_power0x7fffd6b9a160
comp_power0x7fffd6b9a160
comp_power0x7fffd6b9a160
comp_power0x7fffd6b9a160
comp_power0x7fffd6b9a160
comp_power0x7fffd6b9a160
comp_power0x7fffd6b9a160
comp_power0x7fffd6b9a160
comp_power0x7fffd6b9a160
comp_power0x7fffd6b9a160
comp_power0x7fffd6b9a160
comp_power0x7fffd6b9a160
comp_power0x7fffd6b9a160
comp_power0x7fffd6b9a160
comp_power0x7fffd6b9a160
comp_power0x7fffd6b9a160
comp_power0x7fffd6b9a160
comp_power0x7fffd6b9a160
comp_power0x7fffd6b9a160
comp_power0x7fffd6b9a160
comp_power0x7fffd6b9a160
comp_power0x7fffd6b9a160
comp_power0x7fffd6b9a160
comp_power0x7fffd6b9a160
comp_power0x7fffd6b9a160
comp_power0x7fffd6b9a160
comp_power0x7fffd6b9a160
comp_power0x7fffd6b9a160
comp_power0x7fffd6b9a160
comp_power0x7fffd6b9a160
comp_power0x7fffd6b9a160
comp_power0x7fffd6b9a160
comp_power0x7fffd6b9a160
comp_power0x7fffd6b9a160
comp_power0x7fffd6b9a160
comp_power0x7fffd6b9a160
comp_power0x7fffd6b9a160
comp_power0x7fffd6b9a160
comp_power0x7fffd6b9a160
comp_power0x7fffd6b9a160
comp_power0x7fffd6b9a160
comp_power0x7fffd6b9a160
comp_power0x7fffd6b9a160
comp_power0x7fffd6b9a160
comp_power0x7fffd6b9a160
comp_power0x7fffd6b9a160
comp_power0x7fffd6b9a160
comp_power0x7fffd6b9a160
comp_power0x7fffd6b9a160
comp_power0x7fffd6b9a160
comp_power0x7fffd6b9a160
comp_power0x7fffd6b9a160
comp_power0x7fffd6b9a160
comp_power0x7fffd6b9a160
comp_power0x7fffd6b9a160
comp_power0x7fffd6b9a160
comp_power0x7fffd6b9a160
comp_power0x7fffd6b9a160
comp_power0x7fffd6b9a160
comp_power0x7fffd6b9a160
comp_power0x7fffd6b9a160
comp_power0x7fffd6b9a160
comp_power0x7fffd6b9a160
comp_power0x7fffd6b9a160
comp_power0x7fffd6b9a160
comp_power0x7fffd6b9a160
comp_power0x7fffd6b9a160
comp_power0x7fffd6b9a160
comp_power0x7fffd6b9a160
comp_power0x7fffd6b9a160
comp_power0x7fffd6b9a160
comp_power0x7fffd6b9a160
comp_power0x7fffd6b9a160
comp_power0x7fffd6b9a160
comp_power0x7fffd6b9a160
comp_power0x7fffd6b9a160
comp_power0x7fffd6b9a160
comp_power0x7fffd6b9a160
comp_power0x7fffd6b9a160
comp_power0x7fffd6b9a160
comp_power0x7fffd6b9a160
comp_power0x7fffd6b9a160
comp_power0x7fffd6b9a160
comp_power0x7fffd6b9a160
comp_power0x7fffd6b9a160
comp_power0x7fffd6b9a160
comp_power0x7fffd6b9a160
comp_power0x7fffd6b9a160
comp_power0x7fffd6b9a160
comp_power0x7fffd6b9a160
comp_power0x7fffd6b9a160
comp_power0x7fffd6b9a160
comp_power0x7fffd6b9a160
comp_power0x7fffd6b9a160
comp_power0x7fffd6b9a160
comp_power0x7fffd6b9a160
comp_power0x7fffd6b9a160
comp_power0x7fffd6b9a160
-0.0644325 -0.0207207 -0.0254493 0.162509 0.0674258 0.0171048 0.106641 0.0522853 0.339238 0.0618964 0.186369 0.0773106 0.039281 0.0407623 -0.0117063 -0.000169529 -0.0250923 
Printing bandwidth info:
0 89 88 101 98 101 100 97 100 73 100 101 19 22 30 82 23 
89 0 100 87 101 102 101 96 100 61 100 100 32 26 35 78 28 
88 100 0 84 98 100 99 96 98 64 88 100 29 25 37 70 25 
101 87 84 0 100 90 95 98 77 66 74 100 27 20 34 86 23 
98 101 98 100 0 76 53 96 74 98 100 101 27 0 38 83 23 
101 102 100 90 76 0 100 90 100 97 101 101 33 0 36 91 25 
100 101 99 95 53 100 0 77 100 97 100 101 25 26 39 79 27 
97 96 96 98 96 90 77 0 101 67 100 99 0 36 0 76 26 
100 100 98 77 74 100 100 101 0 59 62 77 27 35 30 54 35 
73 61 64 66 98 97 97 67 59 0 73 84 85 93 86 88 62 
100 100 88 74 100 101 100 100 62 73 0 100 30 30 59 58 27 
101 100 100 100 101 101 101 99 77 84 100 0 24 34 44 97 39 
19 32 29 27 27 33 25 0 27 85 30 24 0 71 96 93 68 
22 26 25 20 0 0 26 36 35 93 30 34 71 0 101 82 67 
30 35 37 34 38 36 39 0 30 86 59 44 96 101 0 98 77 
82 78 70 86 83 91 79 76 54 88 58 97 93 82 98 0 65 
23 28 25 23 23 25 27 26 35 62 27 39 68 67 77 65 0 

Nodes
1 2 3 4 6 7 9 11 12 13 15 16 17 19 21 22 23 
csews1 csews2 csews3 csews4 csews6 csews7 csews9 csews11 csews12 csews13 csews15 csews16 csews17 csews19 csews21 csews22 csews23 
0 -646.021 0.0840164
1 200.416 0.0266393
2 1609.2 0.0901639
3 2398.19 0.102459
4 1081.88 0
5 578.671 0
6 4458.8 0.102459
7 1141.82 0.0686475
8 5256.07 0.0635246
9 2482.65 0.0747951
10 2271.31 0.0307377
11 1180.73 0.0348361
12 138.317 0.0297131
13 930.476 0.0368852
14 290.561 0.103484
15 1623.39 0.0881147
16 156.7 0.0686475
Total power of 1 is -129.137
Total power of 2 is 40.1045
Total power of 3 is 321.911
Total power of 4 is 479.721
Total power of 6 is 216.376
Total power of 7 is 115.734
Total power of 9 is 891.841
Total power of 11 is 228.418
Total power of 12 is 1051.27
Total power of 13 is 496.59
Total power of 15 is 454.287
Total power of 16 is 236.174
Total power of 17 is 27.6872
Total power of 19 is 186.125
Total power of 21 is 58.1949
Total power of 22 is 324.749
Total power of 23 is 31.395
Max:1051.27 8
12 1
15 1

csews1 csews2 csews3 csews4 csews5 csews6 csews7 csews9 csews11 csews12 csews13 csews15 csews16 csews17 csews19 csews21 csews22 csews23 csews24 csews25 
Number of hosts: 20
1

Duration: 4
comp_power28.5776
comp_power54.9802
comp_power74.8146
comp_power85.3409
comp_power95.8672
comp_power72.7839
comp_power49.8239
comp_power26.959
comp_power37.4853
comp_power49.6086
comp_power0.608613
comp_power-25.112
comp_power-51.1334
comp_power42.7719
comp_power67.7812
comp_power88.1635
comp_power98.6898
